#$SPEC_ID:
#emma
#$SPEC_REM:
#DET# 3
#DETDESC# NDW2202 Easy-MCA-8k SN 09082199
#AP# Maestro Version 7.01
#$DATE_MEA:
#05/07/2021 14:01:47
#$MEAS_TIM:
#298 300
#$DATA:
#0 8191
0	0
1	0
2	0
3	0
4	0
5	0
6	0
7	0
8	0
9	0
10	0
11	0
12	0
13	0
14	0
15	0
16	0
17	0
18	0
19	0
20	0
21	0
22	0
23	0
24	0
25	0
26	0
27	0
28	0
29	0
30	0
31	0
32	0
33	0
34	0
35	0
36	0
37	0
38	0
39	0
40	0
41	0
42	0
43	0
44	0
45	0
46	0
47	0
48	0
49	0
50	0
51	0
52	0
53	0
54	0
55	0
56	0
57	0
58	0
59	0
60	0
61	0
62	0
63	0
64	0
65	1
66	0
67	0
68	0
69	0
70	0
71	0
72	0
73	0
74	0
75	0
76	1
77	0
78	16
79	30
80	31
81	30
82	28
83	27
84	22
85	36
86	29
87	36
88	22
89	23
90	33
91	18
92	32
93	33
94	32
95	28
96	33
97	32
98	24
99	38
100	30
101	30
102	30
103	22
104	26
105	27
106	29
107	38
108	30
109	28
110	21
111	21
112	28
113	25
114	32
115	29
116	20
117	34
118	23
119	21
120	21
121	23
122	20
123	26
124	31
125	31
126	29
127	21
128	34
129	23
130	41
131	25
132	26
133	24
134	27
135	32
136	23
137	30
138	31
139	24
140	47
141	31
142	43
143	24
144	42
145	29
146	29
147	37
148	42
149	37
150	37
151	34
152	37
153	33
154	43
155	32
156	36
157	48
158	38
159	36
160	37
161	40
162	37
163	29
164	33
165	34
166	44
167	44
168	34
169	53
170	29
171	42
172	44
173	35
174	53
175	42
176	43
177	37
178	41
179	53
180	44
181	66
182	188
183	817
184	926
185	247
186	33
187	23
188	23
189	23
190	28
191	15
192	22
193	25
194	16
195	22
196	22
197	17
198	18
199	22
200	26
201	20
202	23
203	20
204	30
205	20
206	17
207	26
208	26
209	21
210	28
211	23
212	24
213	32
214	23
215	28
216	25
217	22
218	31
219	17
220	29
221	16
222	30
223	29
224	17
225	29
226	25
227	33
228	26
229	27
230	16
231	28
232	27
233	27
234	23
235	24
236	23
237	20
238	28
239	18
240	13
241	18
242	26
243	25
244	25
245	17
246	18
247	42
248	36
249	32
250	27
251	16
252	19
253	26
254	26
255	30
256	20
257	25
258	15
259	19
260	21
261	27
262	23
263	27
264	31
265	26
266	19
267	28
268	23
269	23
270	21
271	31
272	25
273	23
274	17
275	21
276	20
277	26
278	24
279	28
280	23
281	25
282	23
283	15
284	28
285	31
286	22
287	31
288	20
289	16
290	24
291	20
292	28
293	24
294	20
295	14
296	19
297	14
298	18
299	24
300	30
301	23
302	29
303	20
304	22
305	25
306	37
307	29
308	22
309	18
310	26
311	20
312	30
313	25
314	20
315	28
316	24
317	26
318	21
319	34
320	25
321	24
322	22
323	28
324	21
325	32
326	24
327	29
328	35
329	19
330	36
331	22
332	31
333	34
334	26
335	21
336	22
337	20
338	13
339	35
340	25
341	31
342	19
343	27
344	32
345	32
346	29
347	26
348	25
349	28
350	28
351	22
352	34
353	26
354	18
355	20
356	25
357	22
358	32
359	27
360	26
361	32
362	24
363	30
364	26
365	22
366	32
367	26
368	22
369	30
370	22
371	33
372	23
373	31
374	27
375	26
376	24
377	20
378	29
379	31
380	32
381	21
382	22
383	21
384	29
385	32
386	31
387	30
388	34
389	34
390	32
391	22
392	27
393	31
394	34
395	26
396	25
397	25
398	26
399	22
400	32
401	25
402	33
403	23
404	25
405	28
406	25
407	20
408	33
409	41
410	34
411	29
412	28
413	24
414	34
415	25
416	20
417	33
418	34
419	21
420	18
421	24
422	24
423	24
424	30
425	33
426	18
427	29
428	23
429	23
430	21
431	18
432	34
433	23
434	22
435	26
436	26
437	33
438	30
439	25
440	24
441	25
442	24
443	27
444	21
445	23
446	28
447	27
448	24
449	27
450	25
451	26
452	23
453	22
454	26
455	34
456	31
457	35
458	26
459	29
460	27
461	30
462	20
463	32
464	23
465	30
466	27
467	35
468	34
469	32
470	32
471	26
472	40
473	33
474	31
475	35
476	29
477	25
478	42
479	25
480	30
481	28
482	31
483	32
484	28
485	44
486	30
487	33
488	39
489	31
490	31
491	34
492	33
493	33
494	24
495	31
496	30
497	36
498	37
499	35
500	34
501	36
502	29
503	32
504	31
505	28
506	31
507	25
508	36
509	36
510	30
511	40
512	24
513	21
514	42
515	28
516	30
517	28
518	30
519	34
520	24
521	33
522	30
523	29
524	20
525	25
526	42
527	34
528	25
529	36
530	26
531	17
532	23
533	30
534	32
535	25
536	33
537	26
538	22
539	27
540	26
541	27
542	38
543	28
544	26
545	22
546	24
547	25
548	28
549	27
550	28
551	26
552	31
553	37
554	35
555	24
556	24
557	29
558	29
559	32
560	38
561	19
562	26
563	32
564	24
565	28
566	29
567	17
568	26
569	23
570	25
571	31
572	24
573	29
574	36
575	33
576	33
577	25
578	22
579	24
580	19
581	37
582	30
583	27
584	29
585	35
586	31
587	21
588	33
589	31
590	35
591	24
592	25
593	37
594	25
595	43
596	22
597	29
598	30
599	35
600	28
601	26
602	24
603	26
604	28
605	21
606	21
607	21
608	26
609	35
610	25
611	30
612	33
613	29
614	26
615	40
616	27
617	33
618	22
619	24
620	27
621	29
622	22
623	28
624	33
625	37
626	33
627	22
628	17
629	23
630	29
631	28
632	19
633	31
634	28
635	24
636	25
637	28
638	34
639	27
640	26
641	28
642	27
643	15
644	26
645	35
646	24
647	27
648	27
649	28
650	30
651	27
652	33
653	27
654	29
655	25
656	29
657	33
658	26
659	34
660	24
661	25
662	24
663	26
664	22
665	33
666	28
667	46
668	28
669	25
670	29
671	25
672	19
673	19
674	33
675	32
676	32
677	24
678	23
679	26
680	28
681	28
682	26
683	28
684	25
685	25
686	27
687	30
688	22
689	29
690	23
691	28
692	29
693	26
694	24
695	27
696	21
697	19
698	20
699	24
700	33
701	29
702	23
703	28
704	38
705	21
706	29
707	16
708	30
709	29
710	22
711	23
712	29
713	19
714	14
715	33
716	26
717	25
718	19
719	20
720	29
721	21
722	21
723	29
724	28
725	22
726	30
727	30
728	20
729	33
730	22
731	28
732	36
733	35
734	28
735	20
736	30
737	25
738	20
739	25
740	33
741	32
742	35
743	23
744	25
745	21
746	24
747	25
748	27
749	31
750	21
751	22
752	30
753	25
754	18
755	27
756	30
757	21
758	23
759	26
760	25
761	22
762	30
763	21
764	34
765	31
766	30
767	30
768	23
769	25
770	31
771	65
772	183
773	247
774	218
775	80
776	28
777	24
778	29
779	25
780	21
781	24
782	26
783	27
784	19
785	20
786	34
787	27
788	19
789	23
790	32
791	32
792	19
793	28
794	27
795	20
796	27
797	21
798	29
799	22
800	30
801	26
802	24
803	29
804	31
805	16
806	20
807	35
808	21
809	25
810	16
811	21
812	25
813	29
814	32
815	22
816	21
817	31
818	33
819	23
820	29
821	27
822	31
823	24
824	30
825	36
826	27
827	39
828	20
829	11
830	29
831	29
832	26
833	30
834	18
835	21
836	26
837	21
838	22
839	21
840	24
841	37
842	26
843	23
844	38
845	22
846	22
847	32
848	32
849	27
850	20
851	27
852	27
853	21
854	36
855	29
856	25
857	37
858	22
859	21
860	36
861	29
862	23
863	16
864	23
865	32
866	38
867	31
868	31
869	19
870	24
871	25
872	36
873	32
874	37
875	30
876	30
877	34
878	35
879	29
880	25
881	37
882	25
883	23
884	26
885	26
886	33
887	27
888	29
889	43
890	34
891	23
892	30
893	36
894	30
895	26
896	28
897	28
898	36
899	31
900	31
901	38
902	26
903	30
904	25
905	25
906	21
907	24
908	33
909	32
910	36
911	24
912	29
913	36
914	36
915	25
916	20
917	35
918	25
919	33
920	30
921	15
922	29
923	33
924	31
925	27
926	28
927	25
928	25
929	17
930	28
931	27
932	28
933	26
934	23
935	24
936	18
937	23
938	20
939	16
940	12
941	25
942	18
943	17
944	24
945	13
946	14
947	24
948	22
949	15
950	18
951	17
952	20
953	18
954	20
955	19
956	12
957	16
958	20
959	17
960	12
961	19
962	16
963	19
964	23
965	16
966	13
967	18
968	18
969	22
970	15
971	13
972	12
973	10
974	13
975	22
976	14
977	14
978	15
979	15
980	14
981	14
982	21
983	17
984	16
985	15
986	11
987	21
988	15
989	9
990	19
991	10
992	10
993	14
994	17
995	19
996	13
997	14
998	13
999	10
1000	17
1001	18
1002	14
1003	6
1004	12
1005	11
1006	12
1007	10
1008	13
1009	9
1010	8
1011	12
1012	20
1013	10
1014	8
1015	10
1016	8
1017	10
1018	24
1019	47
1020	46
1021	17
1022	13
1023	12
1024	22
1025	11
1026	8
1027	9
1028	12
1029	6
1030	14
1031	10
1032	8
1033	8
1034	9
1035	11
1036	8
1037	5
1038	9
1039	12
1040	9
1041	6
1042	8
1043	6
1044	13
1045	7
1046	9
1047	14
1048	9
1049	13
1050	7
1051	12
1052	9
1053	11
1054	7
1055	8
1056	5
1057	6
1058	14
1059	14
1060	9
1061	3
1062	7
1063	6
1064	13
1065	9
1066	5
1067	12
1068	15
1069	8
1070	4
1071	14
1072	11
1073	11
1074	9
1075	6
1076	10
1077	9
1078	11
1079	6
1080	9
1081	12
1082	6
1083	8
1084	8
1085	9
1086	5
1087	7
1088	14
1089	7
1090	4
1091	10
1092	7
1093	6
1094	5
1095	11
1096	10
1097	8
1098	9
1099	10
1100	6
1101	9
1102	7
1103	10
1104	5
1105	8
1106	9
1107	13
1108	8
1109	10
1110	6
1111	7
1112	12
1113	14
1114	5
1115	7
1116	5
1117	9
1118	10
1119	2
1120	5
1121	12
1122	9
1123	10
1124	8
1125	14
1126	6
1127	9
1128	6
1129	10
1130	7
1131	5
1132	7
1133	3
1134	6
1135	4
1136	7
1137	8
1138	8
1139	4
1140	5
1141	9
1142	5
1143	5
1144	7
1145	3
1146	7
1147	6
1148	9
1149	10
1150	6
1151	8
1152	7
1153	7
1154	7
1155	6
1156	5
1157	7
1158	3
1159	8
1160	6
1161	4
1162	2
1163	5
1164	4
1165	3
1166	3
1167	9
1168	3
1169	8
1170	7
1171	5
1172	1
1173	8
1174	5
1175	6
1176	9
1177	8
1178	8
1179	7
1180	7
1181	4
1182	7
1183	7
1184	5
1185	8
1186	4
1187	2
1188	4
1189	4
1190	4
1191	2
1192	3
1193	8
1194	3
1195	5
1196	7
1197	10
1198	7
1199	9
1200	7
1201	8
1202	2
1203	11
1204	6
1205	6
1206	2
1207	7
1208	8
1209	2
1210	5
1211	7
1212	3
1213	7
1214	10
1215	10
1216	5
1217	8
1218	3
1219	5
1220	4
1221	6
1222	7
1223	5
1224	6
1225	12
1226	6
1227	7
1228	1
1229	10
1230	4
1231	3
1232	10
1233	4
1234	7
1235	4
1236	8
1237	9
1238	5
1239	5
1240	10
1241	6
1242	8
1243	5
1244	9
1245	3
1246	6
1247	8
1248	8
1249	5
1250	10
1251	5
1252	8
1253	5
1254	6
1255	5
1256	4
1257	3
1258	6
1259	6
1260	10
1261	6
1262	7
1263	6
1264	7
1265	5
1266	4
1267	12
1268	4
1269	6
1270	8
1271	4
1272	12
1273	7
1274	11
1275	13
1276	7
1277	12
1278	8
1279	5
1280	5
1281	2
1282	6
1283	10
1284	2
1285	7
1286	3
1287	5
1288	3
1289	5
1290	2
1291	6
1292	4
1293	1
1294	7
1295	6
1296	2
1297	6
1298	4
1299	1
1300	6
1301	4
1302	5
1303	1
1304	11
1305	3
1306	6
1307	5
1308	6
1309	3
1310	3
1311	9
1312	5
1313	7
1314	8
1315	5
1316	8
1317	6
1318	4
1319	6
1320	6
1321	2
1322	5
1323	3
1324	2
1325	6
1326	4
1327	8
1328	9
1329	6
1330	7
1331	3
1332	3
1333	5
1334	5
1335	3
1336	3
1337	6
1338	4
1339	9
1340	5
1341	5
1342	6
1343	2
1344	6
1345	6
1346	2
1347	7
1348	7
1349	5
1350	8
1351	5
1352	10
1353	1
1354	10
1355	8
1356	5
1357	1
1358	10
1359	4
1360	9
1361	11
1362	7
1363	6
1364	3
1365	8
1366	6
1367	5
1368	5
1369	2
1370	11
1371	10
1372	7
1373	3
1374	10
1375	10
1376	14
1377	5
1378	10
1379	13
1380	12
1381	8
1382	18
1383	25
1384	29
1385	35
1386	65
1387	92
1388	121
1389	164
1390	270
1391	341
1392	477
1393	642
1394	841
1395	993
1396	1107
1397	1142
1398	1008
1399	856
1400	663
1401	420
1402	319
1403	257
1404	197
1405	129
1406	90
1407	54
1408	41
1409	25
1410	20
1411	11
1412	11
1413	9
1414	7
1415	4
1416	5
1417	3
1418	7
1419	4
1420	1
1421	4
1422	1
1423	1
1424	5
1425	3
1426	3
1427	2
1428	0
1429	2
1430	6
1431	3
1432	1
1433	3
1434	2
1435	1
1436	5
1437	2
1438	2
1439	2
1440	0
1441	1
1442	1
1443	4
1444	2
1445	6
1446	5
1447	4
1448	1
1449	3
1450	2
1451	3
1452	1
1453	0
1454	3
1455	4
1456	1
1457	1
1458	0
1459	4
1460	2
1461	1
1462	2
1463	3
1464	1
1465	2
1466	2
1467	4
1468	1
1469	4
1470	1
1471	1
1472	2
1473	2
1474	3
1475	1
1476	1
1477	1
1478	1
1479	1
1480	1
1481	1
1482	1
1483	0
1484	2
1485	2
1486	3
1487	1
1488	1
1489	1
1490	3
1491	1
1492	1
1493	4
1494	3
1495	1
1496	1
1497	2
1498	1
1499	3
1500	2
1501	1
1502	2
1503	1
1504	2
1505	0
1506	2
1507	1
1508	4
1509	2
1510	2
1511	1
1512	3
1513	0
1514	1
1515	7
1516	0
1517	4
1518	0
1519	1
1520	3
1521	1
1522	3
1523	1
1524	2
1525	3
1526	3
1527	3
1528	3
1529	0
1530	5
1531	0
1532	1
1533	0
1534	3
1535	0
1536	1
1537	0
1538	0
1539	1
1540	4
1541	3
1542	1
1543	2
1544	2
1545	1
1546	3
1547	2
1548	3
1549	2
1550	1
1551	1
1552	1
1553	0
1554	1
1555	3
1556	5
1557	1
1558	4
1559	0
1560	1
1561	4
1562	2
1563	1
1564	0
1565	1
1566	2
1567	3
1568	2
1569	3
1570	1
1571	2
1572	3
1573	0
1574	1
1575	0
1576	1
1577	0
1578	0
1579	5
1580	4
1581	1
1582	3
1583	3
1584	3
1585	3
1586	1
1587	1
1588	1
1589	1
1590	1
1591	2
1592	0
1593	1
1594	2
1595	2
1596	5
1597	1
1598	0
1599	1
1600	2
1601	3
1602	3
1603	1
1604	3
1605	2
1606	6
1607	7
1608	9
1609	12
1610	4
1611	2
1612	1
1613	1
1614	4
1615	1
1616	1
1617	3
1618	1
1619	2
1620	4
1621	0
1622	3
1623	1
1624	1
1625	0
1626	0
1627	2
1628	1
1629	5
1630	1
1631	5
1632	1
1633	3
1634	5
1635	3
1636	1
1637	3
1638	3
1639	5
1640	1
1641	2
1642	3
1643	2
1644	0
1645	1
1646	3
1647	1
1648	2
1649	4
1650	4
1651	3
1652	2
1653	3
1654	4
1655	1
1656	1
1657	1
1658	4
1659	0
1660	3
1661	4
1662	3
1663	2
1664	1
1665	1
1666	1
1667	2
1668	1
1669	4
1670	1
1671	4
1672	1
1673	3
1674	1
1675	1
1676	4
1677	1
1678	1
1679	2
1680	5
1681	0
1682	0
1683	0
1684	2
1685	0
1686	1
1687	4
1688	2
1689	4
1690	2
1691	5
1692	3
1693	2
1694	2
1695	2
1696	1
1697	1
1698	5
1699	2
1700	1
1701	1
1702	3
1703	1
1704	1
1705	0
1706	0
1707	1
1708	3
1709	3
1710	4
1711	6
1712	3
1713	0
1714	2
1715	2
1716	0
1717	2
1718	1
1719	1
1720	1
1721	4
1722	3
1723	2
1724	2
1725	4
1726	2
1727	1
1728	1
1729	1
1730	2
1731	1
1732	1
1733	2
1734	0
1735	2
1736	0
1737	2
1738	0
1739	2
1740	1
1741	4
1742	3
1743	3
1744	1
1745	0
1746	1
1747	0
1748	1
1749	3
1750	4
1751	0
1752	3
1753	2
1754	1
1755	1
1756	1
1757	3
1758	3
1759	1
1760	2
1761	2
1762	1
1763	4
1764	2
1765	1
1766	4
1767	2
1768	2
1769	0
1770	0
1771	3
1772	0
1773	2
1774	2
1775	1
1776	3
1777	5
1778	2
1779	0
1780	1
1781	2
1782	2
1783	2
1784	1
1785	2
1786	2
1787	3
1788	1
1789	3
1790	10
1791	38
1792	86
1793	73
1794	61
1795	49
1796	11
1797	1
1798	1
1799	2
1800	2
1801	4
1802	5
1803	2
1804	0
1805	1
1806	2
1807	0
1808	0
1809	0
1810	0
1811	6
1812	1
1813	2
1814	2
1815	2
1816	1
1817	4
1818	0
1819	2
1820	4
1821	3
1822	0
1823	3
1824	0
1825	2
1826	0
1827	1
1828	1
1829	3
1830	2
1831	1
1832	4
1833	2
1834	3
1835	1
1836	1
1837	1
1838	0
1839	1
1840	4
1841	1
1842	2
1843	0
1844	0
1845	2
1846	1
1847	0
1848	1
1849	4
1850	1
1851	3
1852	1
1853	2
1854	0
1855	1
1856	0
1857	2
1858	0
1859	0
1860	2
1861	0
1862	0
1863	0
1864	4
1865	2
1866	2
1867	0
1868	1
1869	2
1870	0
1871	0
1872	1
1873	2
1874	2
1875	1
1876	2
1877	2
1878	0
1879	2
1880	2
1881	2
1882	1
1883	2
1884	0
1885	1
1886	1
1887	0
1888	1
1889	1
1890	2
1891	0
1892	0
1893	1
1894	3
1895	3
1896	0
1897	1
1898	2
1899	2
1900	1
1901	2
1902	0
1903	0
1904	2
1905	0
1906	0
1907	0
1908	1
1909	2
1910	1
1911	1
1912	1
1913	0
1914	2
1915	1
1916	3
1917	2
1918	2
1919	1
1920	6
1921	0
1922	0
1923	0
1924	5
1925	2
1926	0
1927	0
1928	0
1929	1
1930	0
1931	0
1932	1
1933	2
1934	2
1935	0
1936	1
1937	0
1938	0
1939	3
1940	4
1941	0
1942	2
1943	0
1944	2
1945	0
1946	1
1947	0
1948	0
1949	2
1950	1
1951	1
1952	2
1953	1
1954	1
1955	0
1956	1
1957	1
1958	2
1959	1
1960	1
1961	2
1962	0
1963	1
1964	1
1965	0
1966	2
1967	1
1968	1
1969	0
1970	0
1971	0
1972	1
1973	2
1974	1
1975	3
1976	1
1977	1
1978	3
1979	1
1980	0
1981	1
1982	0
1983	0
1984	2
1985	1
1986	0
1987	1
1988	0
1989	2
1990	1
1991	0
1992	1
1993	3
1994	0
1995	3
1996	0
1997	3
1998	2
1999	2
2000	0
2001	0
2002	2
2003	1
2004	0
2005	2
2006	0
2007	3
2008	0
2009	0
2010	1
2011	1
2012	1
2013	2
2014	0
2015	1
2016	1
2017	1
2018	1
2019	0
2020	0
2021	1
2022	3
2023	1
2024	1
2025	1
2026	0
2027	2
2028	0
2029	1
2030	2
2031	1
2032	4
2033	2
2034	0
2035	3
2036	0
2037	2
2038	0
2039	0
2040	1
2041	0
2042	0
2043	0
2044	0
2045	1
2046	1
2047	0
2048	0
2049	2
2050	0
2051	3
2052	0
2053	0
2054	0
2055	2
2056	1
2057	2
2058	2
2059	0
2060	0
2061	1
2062	1
2063	0
2064	0
2065	0
2066	1
2067	0
2068	2
2069	0
2070	2
2071	0
2072	0
2073	0
2074	1
2075	0
2076	0
2077	1
2078	0
2079	0
2080	0
2081	0
2082	0
2083	0
2084	1
2085	0
2086	1
2087	1
2088	0
2089	2
2090	0
2091	0
2092	1
2093	2
2094	0
2095	0
2096	2
2097	0
2098	3
2099	3
2100	1
2101	0
2102	1
2103	0
2104	3
2105	1
2106	0
2107	2
2108	0
2109	0
2110	2
2111	0
2112	1
2113	1
2114	1
2115	0
2116	0
2117	1
2118	3
2119	3
2120	1
2121	1
2122	0
2123	0
2124	2
2125	1
2126	1
2127	0
2128	1
2129	1
2130	1
2131	1
2132	3
2133	3
2134	0
2135	1
2136	0
2137	0
2138	0
2139	0
2140	0
2141	0
2142	0
2143	2
2144	0
2145	3
2146	1
2147	0
2148	2
2149	1
2150	1
2151	0
2152	0
2153	2
2154	0
2155	3
2156	2
2157	2
2158	1
2159	1
2160	0
2161	1
2162	0
2163	0
2164	1
2165	0
2166	0
2167	2
2168	3
2169	1
2170	1
2171	1
2172	2
2173	3
2174	3
2175	0
2176	0
2177	2
2178	2
2179	0
2180	2
2181	0
2182	1
2183	1
2184	1
2185	1
2186	1
2187	0
2188	0
2189	0
2190	0
2191	1
2192	0
2193	2
2194	0
2195	1
2196	0
2197	1
2198	0
2199	0
2200	2
2201	1
2202	0
2203	0
2204	0
2205	3
2206	0
2207	0
2208	0
2209	3
2210	1
2211	1
2212	0
2213	0
2214	2
2215	0
2216	2
2217	2
2218	1
2219	2
2220	0
2221	2
2222	0
2223	0
2224	2
2225	1
2226	0
2227	0
2228	0
2229	4
2230	0
2231	1
2232	3
2233	1
2234	2
2235	3
2236	0
2237	2
2238	0
2239	1
2240	0
2241	1
2242	0
2243	2
2244	2
2245	0
2246	0
2247	1
2248	0
2249	1
2250	0
2251	1
2252	0
2253	0
2254	0
2255	3
2256	0
2257	3
2258	7
2259	1
2260	1
2261	3
2262	0
2263	0
2264	0
2265	0
2266	3
2267	0
2268	0
2269	1
2270	0
2271	0
2272	0
2273	1
2274	0
2275	2
2276	1
2277	2
2278	1
2279	0
2280	0
2281	0
2282	0
2283	0
2284	0
2285	0
2286	0
2287	0
2288	1
2289	0
2290	2
2291	0
2292	1
2293	1
2294	3
2295	1
2296	0
2297	1
2298	5
2299	2
2300	4
2301	3
2302	4
2303	0
2304	0
2305	1
2306	1
2307	1
2308	2
2309	4
2310	3
2311	14
2312	31
2313	34
2314	76
2315	81
2316	51
2317	23
2318	5
2319	2
2320	0
2321	0
2322	1
2323	1
2324	1
2325	2
2326	0
2327	2
2328	2
2329	1
2330	2
2331	0
2332	0
2333	0
2334	1
2335	0
2336	0
2337	0
2338	1
2339	0
2340	0
2341	2
2342	2
2343	1
2344	1
2345	0
2346	1
2347	1
2348	2
2349	0
2350	1
2351	0
2352	0
2353	3
2354	1
2355	1
2356	0
2357	0
2358	1
2359	3
2360	5
2361	1
2362	1
2363	0
2364	0
2365	0
2366	1
2367	0
2368	0
2369	0
2370	1
2371	0
2372	0
2373	0
2374	3
2375	3
2376	2
2377	0
2378	1
2379	1
2380	0
2381	0
2382	0
2383	0
2384	3
2385	0
2386	3
2387	1
2388	1
2389	0
2390	4
2391	0
2392	0
2393	1
2394	0
2395	1
2396	0
2397	1
2398	1
2399	0
2400	0
2401	1
2402	0
2403	1
2404	1
2405	2
2406	1
2407	0
2408	0
2409	1
2410	1
2411	1
2412	0
2413	1
2414	2
2415	0
2416	0
2417	2
2418	1
2419	0
2420	1
2421	0
2422	1
2423	1
2424	1
2425	1
2426	0
2427	0
2428	0
2429	0
2430	1
2431	1
2432	0
2433	0
2434	1
2435	0
2436	1
2437	0
2438	0
2439	0
2440	0
2441	0
2442	1
2443	0
2444	1
2445	2
2446	0
2447	0
2448	4
2449	1
2450	0
2451	1
2452	0
2453	0
2454	0
2455	1
2456	1
2457	0
2458	1
2459	0
2460	0
2461	0
2462	0
2463	0
2464	0
2465	1
2466	0
2467	1
2468	1
2469	1
2470	0
2471	4
2472	0
2473	1
2474	0
2475	0
2476	2
2477	0
2478	0
2479	2
2480	4
2481	4
2482	8
2483	9
2484	13
2485	13
2486	2
2487	4
2488	1
2489	2
2490	0
2491	0
2492	0
2493	0
2494	1
2495	1
2496	3
2497	1
2498	1
2499	1
2500	0
2501	1
2502	0
2503	0
2504	1
2505	0
2506	1
2507	1
2508	0
2509	2
2510	1
2511	0
2512	0
2513	0
2514	1
2515	2
2516	0
2517	1
2518	1
2519	1
2520	0
2521	0
2522	1
2523	1
2524	0
2525	0
2526	1
2527	0
2528	0
2529	0
2530	1
2531	1
2532	1
2533	0
2534	0
2535	1
2536	0
2537	0
2538	1
2539	0
2540	1
2541	0
2542	1
2543	0
2544	2
2545	2
2546	5
2547	2
2548	1
2549	2
2550	0
2551	0
2552	3
2553	0
2554	0
2555	2
2556	2
2557	1
2558	2
2559	1
2560	0
2561	0
2562	0
2563	1
2564	1
2565	1
2566	1
2567	0
2568	0
2569	1
2570	0
2571	0
2572	0
2573	0
2574	2
2575	0
2576	1
2577	1
2578	3
2579	1
2580	0
2581	1
2582	0
2583	0
2584	1
2585	0
2586	2
2587	1
2588	1
2589	0
2590	2
2591	1
2592	1
2593	2
2594	1
2595	1
2596	0
2597	0
2598	1
2599	1
2600	0
2601	1
2602	1
2603	3
2604	0
2605	0
2606	1
2607	1
2608	0
2609	1
2610	1
2611	1
2612	0
2613	1
2614	1
2615	0
2616	0
2617	0
2618	0
2619	0
2620	0
2621	0
2622	0
2623	0
2624	0
2625	0
2626	0
2627	1
2628	1
2629	0
2630	3
2631	1
2632	1
2633	1
2634	1
2635	0
2636	2
2637	2
2638	0
2639	1
2640	1
2641	1
2642	2
2643	1
2644	1
2645	2
2646	0
2647	0
2648	0
2649	0
2650	0
2651	0
2652	0
2653	0
2654	1
2655	1
2656	0
2657	1
2658	0
2659	0
2660	1
2661	1
2662	0
2663	0
2664	0
2665	1
2666	0
2667	0
2668	1
2669	0
2670	1
2671	1
2672	0
2673	0
2674	1
2675	0
2676	0
2677	1
2678	0
2679	1
2680	1
2681	1
2682	2
2683	0
2684	0
2685	0
2686	1
2687	2
2688	0
2689	1
2690	0
2691	0
2692	1
2693	2
2694	0
2695	0
2696	2
2697	0
2698	1
2699	1
2700	0
2701	2
2702	0
2703	0
2704	3
2705	1
2706	1
2707	0
2708	1
2709	0
2710	1
2711	0
2712	0
2713	0
2714	1
2715	0
2716	0
2717	0
2718	0
2719	0
2720	1
2721	1
2722	2
2723	0
2724	0
2725	1
2726	0
2727	0
2728	1
2729	1
2730	0
2731	0
2732	1
2733	0
2734	1
2735	0
2736	2
2737	0
2738	0
2739	1
2740	3
2741	0
2742	1
2743	0
2744	1
2745	0
2746	0
2747	1
2748	1
2749	0
2750	0
2751	1
2752	0
2753	0
2754	0
2755	0
2756	0
2757	1
2758	3
2759	0
2760	1
2761	2
2762	1
2763	0
2764	1
2765	1
2766	1
2767	0
2768	1
2769	0
2770	0
2771	0
2772	1
2773	2
2774	1
2775	0
2776	0
2777	0
2778	0
2779	0
2780	0
2781	1
2782	1
2783	3
2784	1
2785	1
2786	0
2787	0
2788	0
2789	2
2790	1
2791	1
2792	0
2793	0
2794	1
2795	0
2796	2
2797	0
2798	0
2799	1
2800	0
2801	0
2802	0
2803	1
2804	0
2805	1
2806	0
2807	0
2808	0
2809	1
2810	0
2811	0
2812	0
2813	1
2814	0
2815	0
2816	0
2817	0
2818	1
2819	2
2820	1
2821	1
2822	1
2823	0
2824	1
2825	0
2826	0
2827	1
2828	0
2829	0
2830	1
2831	0
2832	0
2833	0
2834	0
2835	0
2836	0
2837	0
2838	1
2839	0
2840	1
2841	1
2842	1
2843	1
2844	2
2845	1
2846	0
2847	0
2848	0
2849	0
2850	0
2851	2
2852	0
2853	0
2854	0
2855	1
2856	1
2857	0
2858	2
2859	0
2860	2
2861	1
2862	0
2863	0
2864	1
2865	0
2866	1
2867	0
2868	0
2869	2
2870	1
2871	0
2872	1
2873	1
2874	1
2875	0
2876	0
2877	0
2878	0
2879	2
2880	1
2881	0
2882	1
2883	1
2884	0
2885	0
2886	1
2887	0
2888	0
2889	0
2890	0
2891	0
2892	0
2893	0
2894	0
2895	0
2896	0
2897	1
2898	1
2899	1
2900	1
2901	0
2902	0
2903	0
2904	0
2905	0
2906	2
2907	2
2908	1
2909	1
2910	1
2911	1
2912	1
2913	1
2914	1
2915	0
2916	0
2917	0
2918	0
2919	0
2920	1
2921	2
2922	0
2923	1
2924	2
2925	0
2926	2
2927	1
2928	1
2929	0
2930	0
2931	1
2932	1
2933	1
2934	1
2935	2
2936	1
2937	0
2938	0
2939	2
2940	1
2941	0
2942	0
2943	0
2944	0
2945	0
2946	1
2947	0
2948	0
2949	0
2950	0
2951	0
2952	0
2953	2
2954	0
2955	1
2956	2
2957	1
2958	0
2959	0
2960	1
2961	0
2962	0
2963	0
2964	0
2965	0
2966	0
2967	0
2968	0
2969	0
2970	0
2971	0
2972	0
2973	0
2974	0
2975	0
2976	0
2977	0
2978	0
2979	1
2980	0
2981	0
2982	1
2983	1
2984	0
2985	0
2986	1
2987	0
2988	0
2989	1
2990	0
2991	0
2992	1
2993	0
2994	0
2995	1
2996	0
2997	0
2998	0
2999	1
3000	1
3001	1
3002	0
3003	0
3004	2
3005	2
3006	2
3007	2
3008	0
3009	0
3010	3
3011	3
3012	0
3013	0
3014	0
3015	1
3016	0
3017	0
3018	2
3019	0
3020	0
3021	0
3022	1
3023	1
3024	1
3025	0
3026	0
3027	1
3028	0
3029	0
3030	0
3031	0
3032	1
3033	0
3034	0
3035	0
3036	0
3037	0
3038	2
3039	0
3040	1
3041	0
3042	0
3043	0
3044	1
3045	2
3046	1
3047	2
3048	3
3049	6
3050	4
3051	4
3052	3
3053	0
3054	3
3055	0
3056	0
3057	2
3058	1
3059	0
3060	0
3061	1
3062	3
3063	0
3064	0
3065	1
3066	0
3067	0
3068	0
3069	1
3070	2
3071	2
3072	0
3073	0
3074	0
3075	0
3076	0
3077	0
3078	0
3079	0
3080	0
3081	0
3082	1
3083	0
3084	0
3085	0
3086	1
3087	0
3088	2
3089	0
3090	2
3091	0
3092	0
3093	0
3094	2
3095	1
3096	1
3097	2
3098	0
3099	0
3100	1
3101	0
3102	0
3103	0
3104	2
3105	0
3106	0
3107	0
3108	0
3109	1
3110	0
3111	0
3112	0
3113	0
3114	1
3115	0
3116	0
3117	0
3118	0
3119	0
3120	0
3121	1
3122	2
3123	0
3124	0
3125	0
3126	0
3127	0
3128	0
3129	0
3130	0
3131	1
3132	0
3133	0
3134	0
3135	0
3136	0
3137	2
3138	0
3139	0
3140	1
3141	1
3142	1
3143	1
3144	0
3145	1
3146	0
3147	0
3148	0
3149	0
3150	1
3151	1
3152	0
3153	0
3154	1
3155	3
3156	0
3157	1
3158	0
3159	0
3160	1
3161	2
3162	2
3163	1
3164	4
3165	0
3166	1
3167	0
3168	0
3169	0
3170	0
3171	0
3172	0
3173	0
3174	1
3175	0
3176	1
3177	2
3178	0
3179	0
3180	0
3181	0
3182	2
3183	1
3184	1
3185	0
3186	0
3187	0
3188	1
3189	1
3190	0
3191	1
3192	1
3193	0
3194	1
3195	0
3196	1
3197	0
3198	2
3199	0
3200	1
3201	0
3202	0
3203	1
3204	2
3205	0
3206	0
3207	0
3208	0
3209	1
3210	2
3211	1
3212	1
3213	0
3214	0
3215	1
3216	1
3217	1
3218	0
3219	0
3220	0
3221	0
3222	1
3223	0
3224	0
3225	0
3226	0
3227	0
3228	0
3229	1
3230	0
3231	0
3232	0
3233	0
3234	0
3235	1
3236	0
3237	6
3238	11
3239	10
3240	18
3241	11
3242	6
3243	7
3244	1
3245	1
3246	0
3247	1
3248	0
3249	0
3250	0
3251	2
3252	0
3253	0
3254	0
3255	0
3256	0
3257	0
3258	1
3259	1
3260	0
3261	0
3262	0
3263	1
3264	0
3265	0
3266	2
3267	0
3268	0
3269	0
3270	0
3271	0
3272	2
3273	1
3274	0
3275	0
3276	0
3277	0
3278	0
3279	0
3280	0
3281	1
3282	0
3283	1
3284	0
3285	1
3286	0
3287	0
3288	0
3289	0
3290	0
3291	0
3292	0
3293	0
3294	1
3295	1
3296	0
3297	0
3298	0
3299	0
3300	1
3301	0
3302	1
3303	2
3304	1
3305	0
3306	0
3307	0
3308	0
3309	0
3310	2
3311	1
3312	0
3313	0
3314	0
3315	0
3316	0
3317	1
3318	0
3319	1
3320	0
3321	1
3322	0
3323	2
3324	0
3325	0
3326	0
3327	0
3328	0
3329	1
3330	2
3331	0
3332	1
3333	0
3334	0
3335	0
3336	0
3337	0
3338	0
3339	0
3340	0
3341	0
3342	1
3343	0
3344	0
3345	1
3346	0
3347	0
3348	0
3349	2
3350	1
3351	0
3352	1
3353	1
3354	0
3355	0
3356	2
3357	1
3358	0
3359	0
3360	0
3361	1
3362	0
3363	0
3364	1
3365	0
3366	0
3367	0
3368	0
3369	2
3370	0
3371	0
3372	2
3373	0
3374	0
3375	0
3376	0
3377	1
3378	0
3379	0
3380	0
3381	0
3382	0
3383	0
3384	0
3385	0
3386	0
3387	1
3388	0
3389	1
3390	1
3391	0
3392	0
3393	0
3394	0
3395	0
3396	0
3397	0
3398	0
3399	1
3400	0
3401	0
3402	1
3403	0
3404	0
3405	0
3406	0
3407	1
3408	0
3409	1
3410	0
3411	0
3412	0
3413	0
3414	0
3415	0
3416	2
3417	0
3418	0
3419	0
3420	0
3421	0
3422	1
3423	0
3424	0
3425	0
3426	0
3427	0
3428	1
3429	0
3430	0
3431	0
3432	1
3433	0
3434	0
3435	0
3436	0
3437	0
3438	0
3439	0
3440	0
3441	0
3442	0
3443	0
3444	0
3445	0
3446	1
3447	0
3448	1
3449	0
3450	1
3451	1
3452	0
3453	0
3454	0
3455	0
3456	0
3457	1
3458	0
3459	1
3460	0
3461	0
3462	2
3463	2
3464	0
3465	0
3466	1
3467	0
3468	1
3469	1
3470	0
3471	0
3472	0
3473	1
3474	0
3475	0
3476	0
3477	0
3478	1
3479	0
3480	0
3481	0
3482	0
3483	0
3484	1
3485	0
3486	0
3487	1
3488	0
3489	0
3490	1
3491	0
3492	0
3493	0
3494	0
3495	0
3496	0
3497	0
3498	0
3499	0
3500	0
3501	0
3502	0
3503	0
3504	0
3505	0
3506	0
3507	0
3508	1
3509	0
3510	0
3511	0
3512	1
3513	0
3514	0
3515	1
3516	0
3517	0
3518	2
3519	0
3520	1
3521	0
3522	0
3523	0
3524	0
3525	0
3526	0
3527	0
3528	0
3529	1
3530	1
3531	1
3532	0
3533	1
3534	2
3535	2
3536	4
3537	1
3538	1
3539	0
3540	0
3541	0
3542	1
3543	0
3544	0
3545	0
3546	0
3547	0
3548	1
3549	0
3550	0
3551	0
3552	0
3553	0
3554	0
3555	0
3556	0
3557	0
3558	0
3559	0
3560	0
3561	0
3562	0
3563	0
3564	0
3565	0
3566	0
3567	0
3568	1
3569	0
3570	0
3571	0
3572	1
3573	0
3574	0
3575	0
3576	1
3577	1
3578	1
3579	0
3580	0
3581	0
3582	0
3583	0
3584	0
3585	1
3586	0
3587	1
3588	0
3589	1
3590	1
3591	0
3592	0
3593	0
3594	1
3595	0
3596	0
3597	1
3598	0
3599	0
3600	0
3601	1
3602	2
3603	1
3604	0
3605	0
3606	0
3607	0
3608	1
3609	0
3610	0
3611	0
3612	0
3613	0
3614	0
3615	0
3616	0
3617	0
3618	1
3619	0
3620	0
3621	1
3622	0
3623	0
3624	0
3625	0
3626	1
3627	1
3628	1
3629	0
3630	0
3631	0
3632	1
3633	0
3634	0
3635	0
3636	0
3637	1
3638	3
3639	3
3640	7
3641	16
3642	9
3643	13
3644	10
3645	6
3646	3
3647	1
3648	0
3649	0
3650	0
3651	0
3652	1
3653	0
3654	0
3655	0
3656	0
3657	1
3658	0
3659	1
3660	1
3661	0
3662	0
3663	0
3664	1
3665	0
3666	1
3667	0
3668	0
3669	0
3670	0
3671	0
3672	1
3673	0
3674	1
3675	4
3676	5
3677	8
3678	2
3679	9
3680	6
3681	4
3682	4
3683	1
3684	0
3685	0
3686	0
3687	0
3688	0
3689	0
3690	0
3691	0
3692	0
3693	0
3694	0
3695	0
3696	0
3697	0
3698	0
3699	1
3700	0
3701	0
3702	0
3703	0
3704	0
3705	0
3706	0
3707	0
3708	0
3709	0
3710	0
3711	0
3712	1
3713	0
3714	0
3715	0
3716	0
3717	0
3718	0
3719	0
3720	1
3721	0
3722	0
3723	0
3724	0
3725	0
3726	0
3727	0
3728	0
3729	0
3730	0
3731	0
3732	0
3733	0
3734	0
3735	0
3736	0
3737	0
3738	1
3739	0
3740	0
3741	0
3742	0
3743	0
3744	1
3745	0
3746	0
3747	0
3748	0
3749	0
3750	0
3751	0
3752	0
3753	0
3754	1
3755	0
3756	0
3757	0
3758	0
3759	0
3760	1
3761	0
3762	0
3763	0
3764	1
3765	2
3766	1
3767	0
3768	0
3769	0
3770	0
3771	0
3772	0
3773	0
3774	0
3775	1
3776	2
3777	0
3778	0
3779	1
3780	0
3781	0
3782	0
3783	0
3784	1
3785	0
3786	0
3787	1
3788	0
3789	0
3790	0
3791	1
3792	0
3793	0
3794	0
3795	0
3796	0
3797	0
3798	1
3799	0
3800	0
3801	0
3802	3
3803	0
3804	1
3805	0
3806	1
3807	0
3808	0
3809	1
3810	0
3811	0
3812	0
3813	0
3814	0
3815	0
3816	0
3817	0
3818	0
3819	0
3820	0
3821	0
3822	0
3823	0
3824	0
3825	0
3826	0
3827	1
3828	0
3829	0
3830	0
3831	0
3832	0
3833	0
3834	1
3835	0
3836	0
3837	0
3838	0
3839	0
3840	0
3841	0
3842	1
3843	0
3844	0
3845	0
3846	0
3847	0
3848	0
3849	0
3850	1
3851	1
3852	0
3853	1
3854	0
3855	1
3856	0
3857	0
3858	0
3859	0
3860	1
3861	0
3862	1
3863	0
3864	0
3865	0
3866	1
3867	0
3868	0
3869	0
3870	0
3871	0
3872	0
3873	0
3874	0
3875	0
3876	0
3877	1
3878	1
3879	0
3880	0
3881	0
3882	0
3883	0
3884	0
3885	0
3886	0
3887	0
3888	0
3889	0
3890	1
3891	0
3892	0
3893	0
3894	0
3895	1
3896	0
3897	0
3898	1
3899	1
3900	0
3901	0
3902	1
3903	0
3904	1
3905	0
3906	0
3907	0
3908	0
3909	2
3910	0
3911	1
3912	0
3913	0
3914	0
3915	1
3916	2
3917	0
3918	2
3919	4
3920	1
3921	1
3922	1
3923	1
3924	1
3925	0
3926	0
3927	0
3928	0
3929	0
3930	0
3931	1
3932	0
3933	0
3934	0
3935	0
3936	0
3937	0
3938	0
3939	0
3940	0
3941	0
3942	0
3943	0
3944	0
3945	0
3946	0
3947	0
3948	1
3949	1
3950	1
3951	0
3952	2
3953	0
3954	2
3955	0
3956	0
3957	0
3958	0
3959	0
3960	0
3961	1
3962	1
3963	0
3964	1
3965	0
3966	0
3967	0
3968	0
3969	0
3970	0
3971	0
3972	0
3973	0
3974	0
3975	0
3976	0
3977	0
3978	0
3979	0
3980	0
3981	0
3982	0
3983	0
3984	2
3985	0
3986	0
3987	0
3988	0
3989	0
3990	0
3991	0
3992	0
3993	0
3994	0
3995	1
3996	0
3997	1
3998	0
3999	0
4000	0
4001	0
4002	0
4003	0
4004	0
4005	0
4006	0
4007	0
4008	0
4009	2
4010	0
4011	0
4012	1
4013	2
4014	0
4015	0
4016	0
4017	0
4018	0
4019	2
4020	0
4021	0
4022	1
4023	0
4024	0
4025	0
4026	0
4027	0
4028	0
4029	0
4030	0
4031	1
4032	0
4033	1
4034	0
4035	0
4036	0
4037	0
4038	0
4039	0
4040	0
4041	1
4042	0
4043	0
4044	1
4045	0
4046	0
4047	0
4048	3
4049	4
4050	4
4051	8
4052	2
4053	1
4054	1
4055	1
4056	0
4057	0
4058	0
4059	0
4060	0
4061	1
4062	1
4063	0
4064	0
4065	0
4066	0
4067	0
4068	0
4069	0
4070	0
4071	2
4072	0
4073	0
4074	0
4075	0
4076	0
4077	1
4078	0
4079	0
4080	0
4081	0
4082	0
4083	0
4084	0
4085	1
4086	0
4087	0
4088	1
4089	0
4090	0
4091	0
4092	0
4093	1
4094	0
4095	0
4096	0
4097	0
4098	0
4099	0
4100	0
4101	0
4102	0
4103	1
4104	0
4105	0
4106	1
4107	0
4108	0
4109	0
4110	0
4111	0
4112	0
4113	0
4114	0
4115	0
4116	0
4117	0
4118	0
4119	0
4120	0
4121	0
4122	0
4123	1
4124	0
4125	2
4126	0
4127	0
4128	0
4129	0
4130	0
4131	1
4132	0
4133	0
4134	0
4135	1
4136	0
4137	0
4138	1
4139	0
4140	0
4141	0
4142	0
4143	0
4144	1
4145	1
4146	0
4147	0
4148	1
4149	1
4150	1
4151	0
4152	1
4153	0
4154	0
4155	0
4156	0
4157	0
4158	0
4159	0
4160	0
4161	0
4162	1
4163	2
4164	0
4165	0
4166	0
4167	2
4168	0
4169	0
4170	1
4171	1
4172	1
4173	1
4174	0
4175	1
4176	0
4177	1
4178	0
4179	0
4180	0
4181	0
4182	0
4183	0
4184	0
4185	0
4186	0
4187	0
4188	0
4189	0
4190	1
4191	0
4192	1
4193	0
4194	0
4195	1
4196	1
4197	0
4198	0
4199	0
4200	0
4201	0
4202	1
4203	0
4204	0
4205	0
4206	0
4207	0
4208	1
4209	0
4210	0
4211	0
4212	0
4213	0
4214	0
4215	0
4216	0
4217	1
4218	0
4219	0
4220	1
4221	0
4222	0
4223	0
4224	0
4225	0
4226	0
4227	0
4228	0
4229	0
4230	1
4231	1
4232	0
4233	0
4234	0
4235	0
4236	0
4237	0
4238	0
4239	0
4240	1
4241	0
4242	0
4243	0
4244	0
4245	0
4246	0
4247	0
4248	0
4249	0
4250	0
4251	1
4252	0
4253	0
4254	0
4255	0
4256	0
4257	0
4258	0
4259	1
4260	0
4261	0
4262	0
4263	0
4264	1
4265	1
4266	0
4267	0
4268	0
4269	0
4270	1
4271	0
4272	0
4273	0
4274	1
4275	0
4276	0
4277	0
4278	1
4279	0
4280	0
4281	0
4282	1
4283	0
4284	0
4285	1
4286	0
4287	1
4288	0
4289	0
4290	1
4291	0
4292	0
4293	0
4294	0
4295	0
4296	2
4297	0
4298	1
4299	1
4300	0
4301	0
4302	0
4303	1
4304	0
4305	0
4306	0
4307	0
4308	0
4309	0
4310	0
4311	1
4312	0
4313	0
4314	0
4315	0
4316	0
4317	0
4318	0
4319	0
4320	0
4321	1
4322	3
4323	1
4324	0
4325	2
4326	0
4327	0
4328	0
4329	1
4330	0
4331	0
4332	0
4333	1
4334	0
4335	1
4336	0
4337	0
4338	0
4339	0
4340	0
4341	0
4342	0
4343	0
4344	0
4345	1
4346	0
4347	2
4348	0
4349	0
4350	1
4351	0
4352	0
4353	0
4354	0
4355	0
4356	1
4357	0
4358	0
4359	0
4360	1
4361	0
4362	0
4363	1
4364	0
4365	0
4366	0
4367	0
4368	0
4369	0
4370	0
4371	0
4372	0
4373	0
4374	0
4375	2
4376	0
4377	0
4378	0
4379	0
4380	2
4381	0
4382	2
4383	0
4384	0
4385	0
4386	1
4387	0
4388	1
4389	0
4390	0
4391	0
4392	0
4393	1
4394	0
4395	0
4396	0
4397	0
4398	0
4399	0
4400	1
4401	0
4402	0
4403	1
4404	0
4405	1
4406	0
4407	0
4408	0
4409	0
4410	0
4411	0
4412	0
4413	0
4414	0
4415	0
4416	0
4417	0
4418	1
4419	0
4420	0
4421	0
4422	2
4423	0
4424	0
4425	0
4426	1
4427	0
4428	1
4429	0
4430	0
4431	0
4432	0
4433	0
4434	0
4435	1
4436	1
4437	0
4438	1
4439	0
4440	0
4441	0
4442	1
4443	0
4444	1
4445	0
4446	0
4447	0
4448	0
4449	0
4450	0
4451	0
4452	0
4453	0
4454	0
4455	0
4456	1
4457	0
4458	0
4459	0
4460	0
4461	0
4462	1
4463	0
4464	0
4465	0
4466	0
4467	0
4468	0
4469	1
4470	0
4471	0
4472	0
4473	0
4474	0
4475	0
4476	0
4477	1
4478	1
4479	1
4480	0
4481	0
4482	0
4483	0
4484	0
4485	1
4486	0
4487	0
4488	0
4489	3
4490	0
4491	0
4492	0
4493	0
4494	1
4495	0
4496	0
4497	0
4498	0
4499	0
4500	2
4501	0
4502	0
4503	0
4504	0
4505	0
4506	0
4507	0
4508	0
4509	0
4510	0
4511	0
4512	0
4513	0
4514	0
4515	0
4516	0
4517	0
4518	0
4519	0
4520	0
4521	0
4522	1
4523	0
4524	0
4525	0
4526	0
4527	1
4528	0
4529	0
4530	0
4531	0
4532	0
4533	0
4534	0
4535	0
4536	0
4537	0
4538	0
4539	1
4540	0
4541	0
4542	0
4543	0
4544	0
4545	1
4546	0
4547	0
4548	0
4549	0
4550	0
4551	0
4552	0
4553	0
4554	0
4555	0
4556	0
4557	0
4558	0
4559	0
4560	0
4561	0
4562	0
4563	0
4564	0
4565	0
4566	0
4567	0
4568	0
4569	0
4570	0
4571	0
4572	0
4573	1
4574	0
4575	1
4576	2
4577	0
4578	0
4579	0
4580	0
4581	0
4582	0
4583	0
4584	0
4585	0
4586	0
4587	0
4588	0
4589	0
4590	0
4591	0
4592	0
4593	0
4594	0
4595	0
4596	0
4597	0
4598	0
4599	1
4600	0
4601	0
4602	0
4603	0
4604	1
4605	0
4606	0
4607	0
4608	1
4609	0
4610	0
4611	0
4612	0
4613	0
4614	0
4615	0
4616	0
4617	0
4618	0
4619	0
4620	0
4621	0
4622	0
4623	0
4624	0
4625	0
4626	1
4627	1
4628	0
4629	0
4630	0
4631	0
4632	0
4633	1
4634	0
4635	0
4636	0
4637	0
4638	0
4639	0
4640	0
4641	0
4642	0
4643	0
4644	1
4645	0
4646	0
4647	0
4648	0
4649	0
4650	0
4651	0
4652	0
4653	0
4654	0
4655	1
4656	0
4657	0
4658	0
4659	0
4660	0
4661	0
4662	0
4663	0
4664	0
4665	0
4666	0
4667	1
4668	0
4669	0
4670	0
4671	0
4672	0
4673	0
4674	0
4675	0
4676	0
4677	1
4678	0
4679	0
4680	0
4681	0
4682	0
4683	0
4684	0
4685	0
4686	0
4687	0
4688	0
4689	0
4690	0
4691	1
4692	0
4693	1
4694	0
4695	0
4696	0
4697	0
4698	0
4699	0
4700	0
4701	0
4702	0
4703	0
4704	0
4705	0
4706	0
4707	0
4708	0
4709	0
4710	0
4711	1
4712	0
4713	0
4714	1
4715	1
4716	0
4717	0
4718	0
4719	0
4720	0
4721	1
4722	0
4723	1
4724	0
4725	0
4726	0
4727	0
4728	1
4729	0
4730	0
4731	0
4732	0
4733	0
4734	0
4735	0
4736	0
4737	0
4738	0
4739	0
4740	1
4741	0
4742	0
4743	0
4744	1
4745	0
4746	1
4747	0
4748	0
4749	0
4750	0
4751	0
4752	0
4753	0
4754	0
4755	0
4756	0
4757	0
4758	0
4759	0
4760	0
4761	0
4762	0
4763	0
4764	0
4765	0
4766	0
4767	0
4768	0
4769	0
4770	0
4771	0
4772	0
4773	0
4774	0
4775	0
4776	0
4777	0
4778	0
4779	0
4780	0
4781	0
4782	0
4783	0
4784	1
4785	1
4786	0
4787	0
4788	0
4789	0
4790	0
4791	0
4792	0
4793	0
4794	0
4795	0
4796	1
4797	0
4798	0
4799	0
4800	0
4801	0
4802	0
4803	1
4804	0
4805	0
4806	0
4807	0
4808	0
4809	0
4810	1
4811	1
4812	0
4813	0
4814	0
4815	0
4816	0
4817	0
4818	0
4819	0
4820	0
4821	0
4822	0
4823	0
4824	0
4825	0
4826	0
4827	0
4828	1
4829	0
4830	0
4831	0
4832	0
4833	0
4834	0
4835	0
4836	0
4837	0
4838	0
4839	0
4840	0
4841	0
4842	0
4843	0
4844	1
4845	0
4846	0
4847	1
4848	0
4849	1
4850	0
4851	0
4852	0
4853	1
4854	0
4855	0
4856	0
4857	0
4858	0
4859	0
4860	0
4861	0
4862	0
4863	0
4864	0
4865	0
4866	0
4867	0
4868	0
4869	0
4870	0
4871	0
4872	0
4873	0
4874	0
4875	0
4876	0
4877	0
4878	0
4879	0
4880	0
4881	0
4882	0
4883	0
4884	0
4885	0
4886	0
4887	0
4888	0
4889	0
4890	1
4891	0
4892	0
4893	3
4894	4
4895	3
4896	3
4897	3
4898	2
4899	2
4900	1
4901	2
4902	0
4903	0
4904	0
4905	0
4906	0
4907	0
4908	0
4909	0
4910	0
4911	0
4912	0
4913	0
4914	0
4915	1
4916	0
4917	0
4918	0
4919	1
4920	0
4921	0
4922	0
4923	0
4924	0
4925	1
4926	0
4927	0
4928	0
4929	0
4930	0
4931	0
4932	1
4933	0
4934	0
4935	0
4936	0
4937	0
4938	0
4939	0
4940	0
4941	0
4942	0
4943	0
4944	2
4945	2
4946	1
4947	6
4948	4
4949	10
4950	5
4951	4
4952	7
4953	0
4954	2
4955	1
4956	0
4957	0
4958	1
4959	0
4960	0
4961	0
4962	0
4963	0
4964	0
4965	0
4966	0
4967	0
4968	0
4969	0
4970	0
4971	0
4972	0
4973	0
4974	0
4975	0
4976	0
4977	0
4978	0
4979	0
4980	0
4981	0
4982	1
4983	0
4984	0
4985	1
4986	0
4987	1
4988	0
4989	0
4990	1
4991	2
4992	0
4993	0
4994	0
4995	0
4996	0
4997	0
4998	0
4999	0
5000	0
5001	0
5002	0
5003	0
5004	0
5005	0
5006	0
5007	0
5008	0
5009	0
5010	0
5011	0
5012	0
5013	0
5014	0
5015	0
5016	1
5017	0
5018	0
5019	0
5020	0
5021	0
5022	1
5023	0
5024	0
5025	0
5026	0
5027	0
5028	0
5029	0
5030	0
5031	0
5032	0
5033	0
5034	0
5035	0
5036	2
5037	1
5038	0
5039	0
5040	0
5041	1
5042	0
5043	1
5044	0
5045	0
5046	0
5047	0
5048	0
5049	0
5050	0
5051	1
5052	0
5053	0
5054	0
5055	0
5056	0
5057	0
5058	0
5059	0
5060	0
5061	0
5062	0
5063	0
5064	0
5065	0
5066	0
5067	0
5068	0
5069	0
5070	0
5071	0
5072	0
5073	0
5074	0
5075	0
5076	0
5077	0
5078	0
5079	1
5080	0
5081	0
5082	1
5083	0
5084	0
5085	0
5086	1
5087	0
5088	1
5089	1
5090	2
5091	0
5092	1
5093	0
5094	0
5095	0
5096	0
5097	0
5098	0
5099	0
5100	0
5101	0
5102	0
5103	0
5104	0
5105	0
5106	0
5107	0
5108	0
5109	0
5110	0
5111	0
5112	0
5113	0
5114	0
5115	0
5116	0
5117	0
5118	0
5119	0
5120	0
5121	0
5122	0
5123	1
5124	0
5125	0
5126	0
5127	0
5128	0
5129	0
5130	1
5131	0
5132	0
5133	0
5134	0
5135	0
5136	1
5137	0
5138	0
5139	1
5140	0
5141	0
5142	0
5143	0
5144	0
5145	1
5146	0
5147	0
5148	0
5149	0
5150	0
5151	0
5152	1
5153	0
5154	0
5155	0
5156	1
5157	0
5158	0
5159	0
5160	0
5161	0
5162	0
5163	0
5164	0
5165	0
5166	1
5167	0
5168	0
5169	0
5170	0
5171	0
5172	0
5173	0
5174	0
5175	0
5176	0
5177	0
5178	0
5179	0
5180	0
5181	0
5182	0
5183	0
5184	0
5185	0
5186	0
5187	0
5188	0
5189	0
5190	0
5191	0
5192	0
5193	0
5194	0
5195	0
5196	0
5197	1
5198	0
5199	0
5200	0
5201	0
5202	0
5203	0
5204	1
5205	0
5206	0
5207	2
5208	0
5209	0
5210	0
5211	0
5212	0
5213	0
5214	0
5215	0
5216	0
5217	0
5218	0
5219	0
5220	0
5221	0
5222	0
5223	0
5224	0
5225	0
5226	0
5227	0
5228	0
5229	0
5230	0
5231	0
5232	0
5233	0
5234	0
5235	0
5236	0
5237	0
5238	0
5239	0
5240	0
5241	0
5242	0
5243	0
5244	0
5245	0
5246	0
5247	0
5248	1
5249	0
5250	0
5251	0
5252	0
5253	0
5254	0
5255	0
5256	0
5257	0
5258	0
5259	0
5260	0
5261	0
5262	0
5263	0
5264	0
5265	0
5266	0
5267	0
5268	0
5269	0
5270	0
5271	0
5272	0
5273	0
5274	0
5275	0
5276	0
5277	0
5278	0
5279	0
5280	0
5281	0
5282	0
5283	0
5284	0
5285	0
5286	0
5287	0
5288	0
5289	1
5290	0
5291	0
5292	0
5293	1
5294	0
5295	0
5296	0
5297	0
5298	0
5299	0
5300	0
5301	0
5302	0
5303	0
5304	0
5305	0
5306	0
5307	0
5308	0
5309	0
5310	0
5311	0
5312	0
5313	0
5314	0
5315	0
5316	0
5317	0
5318	0
5319	0
5320	0
5321	0
5322	0
5323	0
5324	0
5325	0
5326	0
5327	0
5328	0
5329	0
5330	0
5331	0
5332	0
5333	0
5334	0
5335	0
5336	0
5337	0
5338	0
5339	0
5340	0
5341	0
5342	0
5343	0
5344	0
5345	0
5346	0
5347	0
5348	0
5349	0
5350	0
5351	0
5352	0
5353	0
5354	0
5355	1
5356	0
5357	0
5358	0
5359	0
5360	0
5361	0
5362	0
5363	0
5364	0
5365	0
5366	0
5367	0
5368	0
5369	0
5370	0
5371	0
5372	0
5373	0
5374	0
5375	0
5376	0
5377	0
5378	0
5379	1
5380	0
5381	0
5382	0
5383	1
5384	0
5385	0
5386	0
5387	0
5388	0
5389	0
5390	0
5391	0
5392	0
5393	0
5394	0
5395	1
5396	0
5397	0
5398	0
5399	0
5400	0
5401	0
5402	0
5403	0
5404	0
5405	0
5406	0
5407	0
5408	0
5409	0
5410	0
5411	0
5412	0
5413	0
5414	0
5415	0
5416	0
5417	0
5418	0
5419	0
5420	0
5421	0
5422	0
5423	0
5424	0
5425	0
5426	0
5427	0
5428	0
5429	0
5430	0
5431	0
5432	1
5433	0
5434	0
5435	0
5436	0
5437	0
5438	0
5439	0
5440	0
5441	0
5442	0
5443	0
5444	0
5445	0
5446	0
5447	0
5448	0
5449	0
5450	0
5451	1
5452	0
5453	0
5454	1
5455	0
5456	0
5457	0
5458	1
5459	0
5460	0
5461	0
5462	1
5463	0
5464	0
5465	0
5466	0
5467	0
5468	0
5469	0
5470	0
5471	0
5472	0
5473	0
5474	0
5475	0
5476	0
5477	0
5478	0
5479	0
5480	0
5481	0
5482	0
5483	0
5484	0
5485	0
5486	0
5487	0
5488	0
5489	0
5490	0
5491	0
5492	0
5493	0
5494	0
5495	0
5496	0
5497	0
5498	0
5499	0
5500	0
5501	0
5502	0
5503	0
5504	0
5505	0
5506	0
5507	0
5508	0
5509	0
5510	0
5511	0
5512	0
5513	0
5514	0
5515	0
5516	0
5517	0
5518	0
5519	0
5520	0
5521	0
5522	0
5523	0
5524	0
5525	0
5526	0
5527	0
5528	0
5529	0
5530	0
5531	0
5532	0
5533	0
5534	0
5535	0
5536	0
5537	0
5538	0
5539	0
5540	0
5541	0
5542	0
5543	0
5544	0
5545	0
5546	0
5547	0
5548	0
5549	0
5550	0
5551	0
5552	0
5553	0
5554	0
5555	0
5556	0
5557	0
5558	0
5559	0
5560	0
5561	0
5562	0
5563	1
5564	0
5565	0
5566	0
5567	0
5568	0
5569	0
5570	0
5571	0
5572	0
5573	0
5574	0
5575	0
5576	0
5577	1
5578	0
5579	0
5580	0
5581	0
5582	0
5583	0
5584	0
5585	0
5586	0
5587	0
5588	0
5589	0
5590	0
5591	0
5592	0
5593	0
5594	0
5595	0
5596	0
5597	1
5598	0
5599	0
5600	0
5601	0
5602	0
5603	0
5604	0
5605	0
5606	0
5607	0
5608	0
5609	0
5610	0
5611	0
5612	0
5613	0
5614	0
5615	0
5616	0
5617	0
5618	0
5619	0
5620	0
5621	0
5622	0
5623	0
5624	0
5625	0
5626	0
5627	0
5628	0
5629	0
5630	0
5631	0
5632	1
5633	0
5634	0
5635	0
5636	0
5637	0
5638	0
5639	0
5640	0
5641	0
5642	0
5643	0
5644	0
5645	0
5646	0
5647	0
5648	0
5649	0
5650	0
5651	0
5652	0
5653	0
5654	0
5655	0
5656	0
5657	0
5658	0
5659	0
5660	0
5661	0
5662	0
5663	0
5664	0
5665	0
5666	0
5667	0
5668	0
5669	0
5670	0
5671	0
5672	0
5673	0
5674	0
5675	0
5676	0
5677	0
5678	0
5679	0
5680	0
5681	0
5682	0
5683	0
5684	0
5685	0
5686	0
5687	0
5688	0
5689	0
5690	0
5691	0
5692	0
5693	0
5694	0
5695	0
5696	0
5697	0
5698	0
5699	0
5700	0
5701	0
5702	0
5703	0
5704	0
5705	0
5706	0
5707	0
5708	0
5709	0
5710	0
5711	0
5712	0
5713	0
5714	0
5715	0
5716	0
5717	0
5718	0
5719	0
5720	0
5721	0
5722	0
5723	0
5724	0
5725	0
5726	0
5727	0
5728	0
5729	0
5730	0
5731	0
5732	0
5733	0
5734	0
5735	0
5736	0
5737	0
5738	0
5739	0
5740	0
5741	0
5742	0
5743	0
5744	0
5745	0
5746	0
5747	0
5748	0
5749	0
5750	1
5751	0
5752	0
5753	0
5754	0
5755	0
5756	0
5757	0
5758	0
5759	0
5760	0
5761	0
5762	0
5763	0
5764	0
5765	0
5766	0
5767	0
5768	0
5769	0
5770	0
5771	0
5772	5
5773	2
5774	3
5775	3
5776	3
5777	2
5778	2
5779	3
5780	3
5781	0
5782	1
5783	0
5784	0
5785	0
5786	0
5787	0
5788	0
5789	0
5790	0
5791	0
5792	0
5793	0
5794	0
5795	0
5796	0
5797	0
5798	0
5799	0
5800	0
5801	0
5802	0
5803	0
5804	0
5805	0
5806	0
5807	0
5808	1
5809	0
5810	0
5811	0
5812	0
5813	0
5814	0
5815	0
5816	0
5817	0
5818	0
5819	1
5820	0
5821	0
5822	0
5823	0
5824	0
5825	0
5826	0
5827	0
5828	0
5829	0
5830	0
5831	0
5832	0
5833	0
5834	0
5835	0
5836	0
5837	0
5838	0
5839	0
5840	0
5841	0
5842	0
5843	0
5844	0
5845	0
5846	0
5847	0
5848	0
5849	0
5850	0
5851	0
5852	0
5853	0
5854	0
5855	0
5856	0
5857	0
5858	0
5859	0
5860	0
5861	0
5862	0
5863	0
5864	0
5865	0
5866	0
5867	0
5868	0
5869	0
5870	0
5871	0
5872	0
5873	0
5874	0
5875	0
5876	0
5877	0
5878	0
5879	0
5880	1
5881	0
5882	0
5883	0
5884	0
5885	0
5886	0
5887	0
5888	0
5889	0
5890	0
5891	0
5892	0
5893	0
5894	0
5895	0
5896	0
5897	0
5898	0
5899	1
5900	0
5901	1
5902	0
5903	0
5904	1
5905	0
5906	0
5907	0
5908	0
5909	0
5910	0
5911	0
5912	0
5913	0
5914	0
5915	0
5916	0
5917	0
5918	0
5919	0
5920	0
5921	0
5922	0
5923	1
5924	0
5925	1
5926	0
5927	0
5928	0
5929	0
5930	0
5931	0
5932	0
5933	0
5934	0
5935	0
5936	0
5937	0
5938	0
5939	0
5940	0
5941	0
5942	0
5943	0
5944	0
5945	0
5946	0
5947	0
5948	0
5949	0
5950	0
5951	0
5952	0
5953	1
5954	0
5955	0
5956	0
5957	0
5958	0
5959	0
5960	0
5961	0
5962	0
5963	0
5964	0
5965	0
5966	0
5967	0
5968	0
5969	0
5970	0
5971	0
5972	0
5973	0
5974	0
5975	0
5976	0
5977	0
5978	0
5979	0
5980	0
5981	0
5982	0
5983	0
5984	0
5985	0
5986	0
5987	0
5988	0
5989	0
5990	0
5991	0
5992	0
5993	0
5994	0
5995	0
5996	0
5997	0
5998	0
5999	0
6000	0
6001	0
6002	0
6003	0
6004	0
6005	0
6006	0
6007	0
6008	0
6009	0
6010	0
6011	0
6012	0
6013	0
6014	0
6015	0
6016	0
6017	0
6018	0
6019	0
6020	0
6021	0
6022	0
6023	0
6024	0
6025	0
6026	0
6027	0
6028	0
6029	0
6030	0
6031	0
6032	0
6033	0
6034	0
6035	0
6036	0
6037	0
6038	0
6039	0
6040	0
6041	0
6042	0
6043	0
6044	0
6045	0
6046	0
6047	0
6048	1
6049	0
6050	0
6051	0
6052	0
6053	0
6054	0
6055	0
6056	0
6057	0
6058	0
6059	0
6060	0
6061	0
6062	0
6063	0
6064	0
6065	0
6066	0
6067	0
6068	0
6069	0
6070	0
6071	1
6072	0
6073	0
6074	0
6075	0
6076	0
6077	0
6078	0
6079	0
6080	0
6081	0
6082	0
6083	0
6084	0
6085	0
6086	0
6087	0
6088	0
6089	0
6090	0
6091	0
6092	0
6093	0
6094	0
6095	1
6096	0
6097	0
6098	0
6099	0
6100	0
6101	0
6102	0
6103	0
6104	0
6105	0
6106	0
6107	0
6108	0
6109	0
6110	0
6111	0
6112	0
6113	0
6114	0
6115	0
6116	0
6117	0
6118	0
6119	0
6120	0
6121	0
6122	0
6123	0
6124	0
6125	0
6126	0
6127	0
6128	0
6129	0
6130	0
6131	0
6132	0
6133	0
6134	0
6135	0
6136	0
6137	0
6138	0
6139	0
6140	0
6141	0
6142	0
6143	0
6144	0
6145	0
6146	0
6147	0
6148	0
6149	0
6150	0
6151	0
6152	0
6153	0
6154	0
6155	0
6156	0
6157	0
6158	0
6159	0
6160	0
6161	0
6162	0
6163	0
6164	0
6165	0
6166	0
6167	1
6168	0
6169	0
6170	0
6171	0
6172	0
6173	0
6174	0
6175	1
6176	0
6177	0
6178	0
6179	0
6180	0
6181	0
6182	0
6183	0
6184	0
6185	0
6186	0
6187	0
6188	0
6189	0
6190	0
6191	0
6192	0
6193	0
6194	0
6195	0
6196	0
6197	0
6198	0
6199	0
6200	0
6201	0
6202	0
6203	0
6204	0
6205	0
6206	0
6207	0
6208	0
6209	0
6210	0
6211	0
6212	0
6213	0
6214	0
6215	0
6216	0
6217	0
6218	0
6219	0
6220	0
6221	0
6222	1
6223	0
6224	0
6225	0
6226	0
6227	0
6228	0
6229	0
6230	0
6231	0
6232	0
6233	0
6234	0
6235	0
6236	0
6237	0
6238	0
6239	0
6240	0
6241	0
6242	0
6243	0
6244	0
6245	0
6246	0
6247	0
6248	0
6249	0
6250	0
6251	0
6252	0
6253	0
6254	0
6255	1
6256	0
6257	0
6258	0
6259	0
6260	0
6261	0
6262	0
6263	0
6264	0
6265	0
6266	0
6267	0
6268	0
6269	0
6270	0
6271	0
6272	0
6273	0
6274	1
6275	0
6276	0
6277	0
6278	0
6279	0
6280	0
6281	0
6282	0
6283	0
6284	0
6285	0
6286	0
6287	0
6288	0
6289	0
6290	0
6291	0
6292	0
6293	0
6294	0
6295	0
6296	0
6297	0
6298	0
6299	0
6300	0
6301	0
6302	0
6303	0
6304	0
6305	0
6306	0
6307	0
6308	0
6309	0
6310	0
6311	0
6312	0
6313	0
6314	0
6315	0
6316	0
6317	0
6318	0
6319	0
6320	0
6321	0
6322	0
6323	0
6324	1
6325	0
6326	0
6327	0
6328	0
6329	0
6330	0
6331	1
6332	0
6333	0
6334	0
6335	0
6336	0
6337	0
6338	0
6339	0
6340	0
6341	0
6342	0
6343	0
6344	0
6345	0
6346	0
6347	0
6348	0
6349	0
6350	0
6351	0
6352	0
6353	0
6354	0
6355	0
6356	0
6357	0
6358	0
6359	0
6360	0
6361	0
6362	0
6363	0
6364	0
6365	0
6366	0
6367	0
6368	0
6369	0
6370	0
6371	0
6372	0
6373	0
6374	0
6375	0
6376	0
6377	0
6378	0
6379	0
6380	0
6381	0
6382	0
6383	0
6384	0
6385	0
6386	0
6387	0
6388	1
6389	0
6390	0
6391	0
6392	0
6393	0
6394	0
6395	0
6396	0
6397	0
6398	0
6399	0
6400	0
6401	0
6402	0
6403	0
6404	0
6405	0
6406	0
6407	0
6408	0
6409	0
6410	0
6411	0
6412	0
6413	0
6414	0
6415	1
6416	0
6417	0
6418	0
6419	0
6420	0
6421	0
6422	0
6423	0
6424	0
6425	0
6426	0
6427	0
6428	0
6429	0
6430	0
6431	0
6432	0
6433	0
6434	0
6435	0
6436	0
6437	0
6438	0
6439	0
6440	0
6441	0
6442	0
6443	0
6444	0
6445	0
6446	0
6447	0
6448	0
6449	0
6450	0
6451	0
6452	0
6453	0
6454	0
6455	0
6456	0
6457	0
6458	0
6459	0
6460	0
6461	0
6462	0
6463	0
6464	0
6465	0
6466	0
6467	0
6468	0
6469	0
6470	0
6471	0
6472	0
6473	0
6474	0
6475	0
6476	0
6477	0
6478	0
6479	0
6480	0
6481	0
6482	0
6483	0
6484	0
6485	0
6486	0
6487	0
6488	0
6489	0
6490	0
6491	0
6492	1
6493	0
6494	0
6495	0
6496	0
6497	0
6498	0
6499	0
6500	0
6501	0
6502	0
6503	0
6504	0
6505	0
6506	0
6507	0
6508	0
6509	0
6510	0
6511	0
6512	0
6513	0
6514	0
6515	0
6516	0
6517	0
6518	0
6519	1
6520	0
6521	0
6522	0
6523	0
6524	0
6525	0
6526	0
6527	0
6528	0
6529	0
6530	0
6531	0
6532	0
6533	0
6534	0
6535	0
6536	0
6537	0
6538	0
6539	0
6540	0
6541	0
6542	0
6543	0
6544	0
6545	0
6546	0
6547	0
6548	0
6549	0
6550	0
6551	0
6552	0
6553	0
6554	0
6555	0
6556	0
6557	0
6558	0
6559	0
6560	0
6561	0
6562	0
6563	0
6564	1
6565	0
6566	0
6567	0
6568	0
6569	0
6570	0
6571	0
6572	0
6573	0
6574	0
6575	0
6576	0
6577	0
6578	0
6579	0
6580	0
6581	0
6582	0
6583	0
6584	0
6585	0
6586	0
6587	0
6588	0
6589	0
6590	0
6591	0
6592	0
6593	0
6594	0
6595	0
6596	0
6597	0
6598	0
6599	0
6600	0
6601	0
6602	0
6603	0
6604	0
6605	0
6606	0
6607	0
6608	0
6609	0
6610	0
6611	0
6612	0
6613	0
6614	0
6615	1
6616	0
6617	0
6618	0
6619	0
6620	0
6621	0
6622	0
6623	0
6624	0
6625	0
6626	0
6627	0
6628	0
6629	0
6630	0
6631	0
6632	0
6633	0
6634	0
6635	0
6636	0
6637	0
6638	0
6639	0
6640	0
6641	0
6642	0
6643	0
6644	0
6645	0
6646	0
6647	0
6648	0
6649	0
6650	0
6651	0
6652	0
6653	0
6654	0
6655	0
6656	0
6657	0
6658	0
6659	0
6660	0
6661	0
6662	0
6663	0
6664	0
6665	0
6666	0
6667	0
6668	0
6669	0
6670	0
6671	0
6672	0
6673	0
6674	0
6675	0
6676	0
6677	0
6678	0
6679	0
6680	0
6681	0
6682	0
6683	0
6684	0
6685	0
6686	0
6687	0
6688	0
6689	0
6690	0
6691	0
6692	0
6693	0
6694	0
6695	0
6696	0
6697	0
6698	0
6699	0
6700	0
6701	0
6702	0
6703	0
6704	0
6705	0
6706	0
6707	0
6708	0
6709	0
6710	0
6711	0
6712	0
6713	0
6714	0
6715	0
6716	0
6717	0
6718	0
6719	0
6720	0
6721	0
6722	0
6723	0
6724	0
6725	0
6726	0
6727	0
6728	0
6729	0
6730	0
6731	0
6732	0
6733	0
6734	0
6735	0
6736	0
6737	0
6738	0
6739	0
6740	0
6741	0
6742	0
6743	0
6744	0
6745	0
6746	0
6747	0
6748	0
6749	0
6750	0
6751	0
6752	0
6753	0
6754	0
6755	0
6756	0
6757	0
6758	0
6759	0
6760	0
6761	0
6762	0
6763	0
6764	0
6765	0
6766	0
6767	0
6768	0
6769	0
6770	0
6771	0
6772	0
6773	0
6774	0
6775	0
6776	0
6777	0
6778	0
6779	0
6780	0
6781	0
6782	0
6783	0
6784	0
6785	0
6786	0
6787	0
6788	0
6789	0
6790	0
6791	0
6792	0
6793	0
6794	0
6795	0
6796	0
6797	0
6798	0
6799	0
6800	0
6801	0
6802	0
6803	0
6804	0
6805	0
6806	0
6807	0
6808	0
6809	0
6810	0
6811	0
6812	0
6813	0
6814	0
6815	0
6816	0
6817	0
6818	0
6819	0
6820	0
6821	0
6822	0
6823	0
6824	0
6825	0
6826	0
6827	0
6828	0
6829	0
6830	0
6831	0
6832	0
6833	0
6834	0
6835	0
6836	0
6837	0
6838	0
6839	0
6840	0
6841	0
6842	0
6843	0
6844	0
6845	0
6846	0
6847	0
6848	0
6849	0
6850	0
6851	0
6852	0
6853	0
6854	0
6855	0
6856	0
6857	0
6858	0
6859	0
6860	0
6861	0
6862	0
6863	0
6864	0
6865	0
6866	0
6867	0
6868	0
6869	0
6870	0
6871	0
6872	0
6873	0
6874	0
6875	0
6876	0
6877	0
6878	0
6879	0
6880	0
6881	0
6882	0
6883	0
6884	0
6885	0
6886	0
6887	0
6888	0
6889	0
6890	0
6891	0
6892	0
6893	0
6894	0
6895	0
6896	0
6897	0
6898	0
6899	0
6900	0
6901	0
6902	0
6903	0
6904	0
6905	0
6906	0
6907	0
6908	0
6909	0
6910	0
6911	0
6912	0
6913	0
6914	0
6915	1
6916	0
6917	0
6918	0
6919	0
6920	0
6921	0
6922	0
6923	0
6924	0
6925	0
6926	0
6927	0
6928	0
6929	0
6930	0
6931	0
6932	0
6933	0
6934	0
6935	0
6936	0
6937	0
6938	0
6939	0
6940	0
6941	0
6942	0
6943	0
6944	0
6945	0
6946	0
6947	0
6948	0
6949	0
6950	0
6951	0
6952	0
6953	0
6954	0
6955	0
6956	0
6957	0
6958	0
6959	0
6960	0
6961	0
6962	0
6963	0
6964	0
6965	0
6966	0
6967	0
6968	0
6969	0
6970	0
6971	0
6972	0
6973	0
6974	0
6975	0
6976	0
6977	0
6978	0
6979	0
6980	0
6981	0
6982	0
6983	0
6984	0
6985	0
6986	0
6987	0
6988	0
6989	0
6990	0
6991	0
6992	0
6993	0
6994	0
6995	0
6996	0
6997	0
6998	0
6999	0
7000	0
7001	0
7002	0
7003	0
7004	0
7005	0
7006	0
7007	0
7008	0
7009	0
7010	0
7011	0
7012	0
7013	0
7014	0
7015	0
7016	0
7017	0
7018	0
7019	0
7020	0
7021	0
7022	0
7023	0
7024	0
7025	0
7026	0
7027	0
7028	0
7029	0
7030	0
7031	0
7032	0
7033	0
7034	0
7035	0
7036	0
7037	0
7038	0
7039	0
7040	0
7041	0
7042	0
7043	0
7044	0
7045	0
7046	0
7047	0
7048	0
7049	0
7050	0
7051	0
7052	0
7053	0
7054	0
7055	0
7056	0
7057	0
7058	0
7059	0
7060	0
7061	0
7062	0
7063	0
7064	0
7065	0
7066	0
7067	0
7068	0
7069	0
7070	0
7071	0
7072	0
7073	0
7074	0
7075	0
7076	0
7077	0
7078	0
7079	0
7080	1
7081	0
7082	0
7083	0
7084	0
7085	0
7086	0
7087	0
7088	0
7089	0
7090	0
7091	0
7092	0
7093	0
7094	0
7095	0
7096	0
7097	0
7098	0
7099	0
7100	0
7101	0
7102	0
7103	0
7104	0
7105	0
7106	0
7107	0
7108	0
7109	0
7110	0
7111	0
7112	0
7113	0
7114	0
7115	0
7116	0
7117	0
7118	0
7119	0
7120	0
7121	0
7122	0
7123	0
7124	0
7125	0
7126	0
7127	0
7128	0
7129	0
7130	0
7131	0
7132	0
7133	0
7134	0
7135	0
7136	0
7137	1
7138	0
7139	0
7140	0
7141	0
7142	0
7143	0
7144	0
7145	0
7146	0
7147	0
7148	0
7149	0
7150	0
7151	0
7152	0
7153	0
7154	0
7155	0
7156	0
7157	0
7158	0
7159	0
7160	0
7161	0
7162	0
7163	0
7164	0
7165	0
7166	0
7167	0
7168	0
7169	0
7170	0
7171	0
7172	0
7173	0
7174	0
7175	0
7176	0
7177	0
7178	0
7179	0
7180	0
7181	0
7182	0
7183	0
7184	0
7185	0
7186	0
7187	0
7188	0
7189	0
7190	0
7191	0
7192	0
7193	0
7194	0
7195	0
7196	0
7197	0
7198	0
7199	0
7200	0
7201	0
7202	0
7203	0
7204	0
7205	0
7206	0
7207	0
7208	0
7209	0
7210	0
7211	0
7212	0
7213	0
7214	0
7215	0
7216	0
7217	0
7218	0
7219	0
7220	0
7221	0
7222	0
7223	0
7224	0
7225	0
7226	0
7227	0
7228	0
7229	0
7230	0
7231	0
7232	0
7233	0
7234	0
7235	0
7236	0
7237	0
7238	0
7239	0
7240	0
7241	0
7242	0
7243	0
7244	0
7245	0
7246	0
7247	0
7248	0
7249	0
7250	0
7251	0
7252	0
7253	0
7254	0
7255	0
7256	0
7257	0
7258	0
7259	0
7260	1
7261	0
7262	0
7263	0
7264	0
7265	0
7266	0
7267	0
7268	0
7269	0
7270	0
7271	0
7272	0
7273	0
7274	0
7275	0
7276	0
7277	0
7278	0
7279	0
7280	1
7281	0
7282	0
7283	0
7284	0
7285	0
7286	0
7287	1
7288	0
7289	0
7290	0
7291	0
7292	0
7293	0
7294	0
7295	0
7296	0
7297	0
7298	0
7299	0
7300	0
7301	0
7302	0
7303	0
7304	0
7305	0
7306	0
7307	0
7308	0
7309	0
7310	0
7311	0
7312	0
7313	0
7314	0
7315	0
7316	0
7317	0
7318	0
7319	0
7320	0
7321	0
7322	0
7323	0
7324	0
7325	0
7326	0
7327	0
7328	0
7329	0
7330	0
7331	0
7332	0
7333	0
7334	0
7335	0
7336	0
7337	0
7338	0
7339	0
7340	0
7341	0
7342	0
7343	0
7344	0
7345	0
7346	0
7347	0
7348	0
7349	0
7350	0
7351	0
7352	0
7353	0
7354	0
7355	0
7356	0
7357	0
7358	0
7359	0
7360	0
7361	0
7362	0
7363	0
7364	0
7365	1
7366	0
7367	0
7368	0
7369	0
7370	0
7371	0
7372	0
7373	0
7374	0
7375	0
7376	0
7377	0
7378	0
7379	0
7380	0
7381	0
7382	0
7383	0
7384	0
7385	0
7386	0
7387	0
7388	0
7389	0
7390	0
7391	0
7392	0
7393	0
7394	0
7395	0
7396	0
7397	0
7398	0
7399	0
7400	0
7401	0
7402	0
7403	0
7404	0
7405	0
7406	0
7407	0
7408	0
7409	0
7410	0
7411	0
7412	0
7413	0
7414	0
7415	0
7416	0
7417	0
7418	0
7419	0
7420	0
7421	0
7422	0
7423	0
7424	0
7425	0
7426	0
7427	0
7428	0
7429	0
7430	0
7431	0
7432	0
7433	0
7434	0
7435	0
7436	0
7437	0
7438	0
7439	0
7440	0
7441	0
7442	0
7443	0
7444	0
7445	0
7446	0
7447	0
7448	0
7449	0
7450	0
7451	0
7452	0
7453	0
7454	0
7455	0
7456	0
7457	0
7458	0
7459	0
7460	0
7461	0
7462	0
7463	0
7464	0
7465	0
7466	0
7467	0
7468	0
7469	0
7470	0
7471	0
7472	0
7473	0
7474	0
7475	0
7476	0
7477	0
7478	0
7479	0
7480	0
7481	0
7482	0
7483	0
7484	0
7485	0
7486	0
7487	0
7488	0
7489	0
7490	0
7491	0
7492	0
7493	0
7494	0
7495	0
7496	0
7497	0
7498	0
7499	0
7500	0
7501	0
7502	0
7503	0
7504	0
7505	0
7506	0
7507	0
7508	0
7509	0
7510	0
7511	1
7512	0
7513	0
7514	0
7515	0
7516	0
7517	0
7518	0
7519	0
7520	0
7521	0
7522	0
7523	0
7524	0
7525	0
7526	0
7527	0
7528	0
7529	0
7530	0
7531	0
7532	0
7533	0
7534	0
7535	0
7536	0
7537	0
7538	0
7539	0
7540	0
7541	0
7542	0
7543	0
7544	0
7545	0
7546	0
7547	0
7548	0
7549	0
7550	0
7551	0
7552	0
7553	0
7554	0
7555	0
7556	0
7557	0
7558	0
7559	0
7560	0
7561	0
7562	0
7563	0
7564	0
7565	0
7566	0
7567	0
7568	0
7569	0
7570	0
7571	0
7572	0
7573	0
7574	0
7575	0
7576	0
7577	0
7578	0
7579	0
7580	0
7581	0
7582	0
7583	0
7584	0
7585	0
7586	0
7587	0
7588	0
7589	0
7590	0
7591	0
7592	0
7593	0
7594	0
7595	0
7596	0
7597	0
7598	0
7599	0
7600	0
7601	0
7602	0
7603	0
7604	0
7605	0
7606	0
7607	0
7608	0
7609	0
7610	0
7611	0
7612	0
7613	0
7614	0
7615	0
7616	0
7617	0
7618	0
7619	0
7620	0
7621	0
7622	0
7623	0
7624	0
7625	0
7626	0
7627	0
7628	0
7629	0
7630	0
7631	0
7632	0
7633	0
7634	0
7635	0
7636	0
7637	0
7638	0
7639	0
7640	0
7641	0
7642	0
7643	0
7644	0
7645	0
7646	0
7647	0
7648	0
7649	0
7650	0
7651	0
7652	0
7653	0
7654	0
7655	0
7656	0
7657	0
7658	0
7659	1
7660	0
7661	0
7662	0
7663	0
7664	0
7665	0
7666	0
7667	0
7668	0
7669	0
7670	0
7671	0
7672	0
7673	0
7674	0
7675	0
7676	0
7677	0
7678	0
7679	0
7680	0
7681	0
7682	0
7683	0
7684	0
7685	0
7686	0
7687	0
7688	0
7689	0
7690	0
7691	0
7692	0
7693	0
7694	0
7695	0
7696	0
7697	0
7698	0
7699	0
7700	0
7701	0
7702	0
7703	0
7704	0
7705	0
7706	0
7707	0
7708	0
7709	0
7710	0
7711	0
7712	0
7713	0
7714	0
7715	0
7716	0
7717	0
7718	0
7719	0
7720	0
7721	0
7722	0
7723	0
7724	0
7725	0
7726	0
7727	0
7728	0
7729	0
7730	0
7731	0
7732	0
7733	0
7734	0
7735	0
7736	0
7737	0
7738	0
7739	0
7740	0
7741	0
7742	0
7743	0
7744	0
7745	0
7746	0
7747	0
7748	0
7749	0
7750	0
7751	0
7752	0
7753	0
7754	0
7755	0
7756	0
7757	0
7758	0
7759	0
7760	0
7761	0
7762	0
7763	0
7764	0
7765	0
7766	0
7767	0
7768	0
7769	0
7770	0
7771	0
7772	0
7773	0
7774	0
7775	0
7776	0
7777	0
7778	0
7779	0
7780	0
7781	0
7782	0
7783	0
7784	0
7785	0
7786	0
7787	0
7788	0
7789	0
7790	0
7791	0
7792	0
7793	0
7794	0
7795	0
7796	0
7797	0
7798	0
7799	0
7800	0
7801	0
7802	0
7803	0
7804	0
7805	0
7806	0
7807	0
7808	0
7809	0
7810	0
7811	0
7812	0
7813	0
7814	0
7815	0
7816	0
7817	0
7818	0
7819	0
7820	0
7821	0
7822	0
7823	0
7824	0
7825	0
7826	0
7827	0
7828	0
7829	0
7830	0
7831	0
7832	0
7833	0
7834	0
7835	0
7836	0
7837	0
7838	0
7839	0
7840	0
7841	0
7842	0
7843	0
7844	0
7845	0
7846	0
7847	0
7848	0
7849	0
7850	0
7851	0
7852	0
7853	0
7854	0
7855	0
7856	0
7857	0
7858	0
7859	0
7860	0
7861	0
7862	0
7863	0
7864	0
7865	0
7866	0
7867	0
7868	0
7869	0
7870	0
7871	0
7872	0
7873	0
7874	0
7875	0
7876	0
7877	0
7878	0
7879	0
7880	0
7881	0
7882	0
7883	0
7884	0
7885	0
7886	0
7887	0
7888	0
7889	0
7890	0
7891	0
7892	0
7893	0
7894	0
7895	0
7896	0
7897	0
7898	0
7899	0
7900	0
7901	0
7902	0
7903	0
7904	0
7905	0
7906	0
7907	0
7908	0
7909	0
7910	0
7911	0
7912	0
7913	0
7914	0
7915	0
7916	0
7917	0
7918	0
7919	0
7920	0
7921	0
7922	0
7923	0
7924	0
7925	1
7926	0
7927	0
7928	0
7929	0
7930	0
7931	0
7932	0
7933	0
7934	0
7935	0
7936	0
7937	0
7938	0
7939	0
7940	0
7941	0
7942	0
7943	0
7944	0
7945	0
7946	0
7947	0
7948	0
7949	0
7950	0
7951	0
7952	0
7953	0
7954	0
7955	0
7956	0
7957	0
7958	0
7959	0
7960	0
7961	0
7962	0
7963	0
7964	0
7965	0
7966	0
7967	0
7968	0
7969	0
7970	0
7971	0
7972	0
7973	0
7974	0
7975	0
7976	0
7977	0
7978	0
7979	0
7980	0
7981	0
7982	0
7983	0
7984	0
7985	0
7986	0
7987	0
7988	0
7989	0
7990	0
7991	0
7992	0
7993	0
7994	0
7995	0
7996	0
7997	0
7998	0
7999	0
8000	0
8001	0
8002	0
8003	0
8004	0
8005	0
8006	0
8007	0
8008	0
8009	0
8010	0
8011	0
8012	0
8013	0
8014	0
8015	0
8016	0
8017	0
8018	0
8019	0
8020	0
8021	0
8022	0
8023	0
8024	0
8025	0
8026	0
8027	0
8028	0
8029	0
8030	0
8031	0
8032	0
8033	0
8034	0
8035	0
8036	0
8037	0
8038	0
8039	0
8040	0
8041	0
8042	0
8043	0
8044	0
8045	0
8046	0
8047	0
8048	0
8049	0
8050	0
8051	0
8052	0
8053	0
8054	0
8055	0
8056	0
8057	0
8058	0
8059	0
8060	0
8061	0
8062	0
8063	0
8064	0
8065	0
8066	0
8067	0
8068	0
8069	0
8070	0
8071	0
8072	0
8073	0
8074	0
8075	0
8076	0
8077	0
8078	0
8079	0
8080	0
8081	0
8082	0
8083	0
8084	0
8085	0
8086	0
8087	0
8088	0
8089	0
8090	0
8091	0
8092	0
8093	0
8094	0
8095	0
8096	0
8097	0
8098	0
8099	0
8100	0
8101	0
8102	0
8103	0
8104	0
8105	0
8106	0
8107	0
8108	0
8109	0
8110	0
8111	0
8112	0
8113	0
8114	0
8115	0
8116	0
8117	0
8118	0
8119	0
8120	0
8121	0
8122	0
8123	0
8124	0
8125	0
8126	0
8127	0
8128	0
8129	0
8130	0
8131	0
8132	0
8133	0
8134	0
8135	0
8136	0
8137	0
8138	0
8139	0
8140	0
8141	0
8142	0
8143	0
8144	0
8145	0
8146	0
8147	0
8148	0
8149	0
8150	0
8151	0
8152	0
8153	0
8154	0
8155	0
8156	0
8157	0
8158	0
8159	0
8160	0
8161	0
8162	0
8163	0
8164	0
8165	0
8166	0
8167	0
8168	0
8169	0
8170	0
8171	0
8172	0
8173	0
8174	0
8175	0
8176	0
8177	0
8178	0
8179	0
8180	0
8181	0
8182	0
8183	0
8184	0
8185	0
8186	0
8187	0
8188	0
8189	0
8190	0
8191	0
