$MEAS_TIM:
63683.0 63900.0
$DATA:
0 8191
       0
       0
       0
       0
       0
       0
       0
       0
       0
       0
       0
       0
       0
       0
       0
       0
       0
       0
       0
       0
       0
       0
       0
       0
       0
       0
       0
       0
       0
       0
       0
       0
       0
       0
       0
       0
       0
       0
       0
       0
       0
       0
       0
       0
       0
       0
       0
       0
       0
       0
       0
       0
       0
       0
       0
       0
       0
       0
       0
       0
       0
       0
       0
       0
       0
       1
       1
       0
       0
       0
       0
       0
       0
       0
       0
       7
      10
      61
    1119
    1842
    1811
    1874
    1866
    1730
    1815
    1818
    1890
    1893
    1872
    1874
    1926
    1883
    1767
    1807
    1904
    1837
    1789
    1830
    1792
    1849
    1773
    1820
    1804
    1791
    1807
    1831
    1816
    1807
    1800
    1799
    1870
    1786
    1739
    1755
    1862
    1761
    1673
    1764
    1758
    1759
    1699
    1775
    1830
    1779
    1711
    1809
    1904
    1821
    1771
    1674
    1817
    1714
    1792
    1831
    1836
    1802
    1738
    1737
    1788
    1735
    1762
    1780
    1924
    1939
    1842
    1973
    1907
    1868
    1861
    1937
    1959
    1886
    1888
    1839
    1933
    1835
    1860
    1869
    1896
    2004
    1994
    2004
    1921
    1923
    1964
    1901
    2017
    2003
    1981
    2074
    2055
    2127
    2168
    2089
    2069
    2186
    2064
    2163
    2143
    2237
    2540
    2854
    4708
   12687
   13051
    4317
    1835
    1719
    1795
    1735
    1732
    1675
    1725
    1732
    1697
    1720
    1702
    1705
    1702
    1724
    1734
    1659
    1649
    1787
    1854
    1758
    1694
    1736
    1642
    1637
    1794
    1709
    1634
    1638
    1729
    1701
    1741
    1725
    1598
    1708
    1679
    1675
    1726
    1667
    1651
    1691
    1664
    1721
    1724
    1739
    1792
    1798
    1842
    1727
    1699
    1700
    1641
    1675
    1837
    1684
    1704
    1677
    1578
    1773
    1755
    1734
    1658
    1761
    1749
    1667
    1730
    1813
    1906
    1876
    1745
    1782
    1667
    1703
    1688
    1676
    1657
    1728
    1646
    1688
    1697
    1672
    1687
    1674
    1657
    1685
    1637
    1701
    1777
    1653
    1624
    1748
    1619
    1686
    1721
    1642
    1684
    1729
    1659
    1754
    1677
    1780
    1700
    1656
    1758
    1734
    1726
    1676
    1714
    1755
    1803
    1715
    1718
    1806
    1765
    1732
    1841
    1802
    1845
    1724
    1845
    1914
    1836
    1890
    1835
    1727
    1817
    1772
    1808
    1850
    1810
    1871
    1798
    1830
    1791
    1782
    1746
    1756
    1787
    1815
    1764
    1835
    1742
    1780
    1819
    1780
    1878
    1837
    2138
    2421
    2130
    1807
    1785
    1892
    1729
    1886
    1818
    1835
    1843
    1874
    1758
    1832
    2002
    2140
    2076
    1906
    1742
    1803
    1823
    1809
    1821
    1779
    1868
    1833
    1799
    1871
    1861
    1789
    1877
    1883
    1807
    1869
    1908
    1794
    1716
    1853
    1858
    1908
    1957
    1870
    1775
    1846
    1853
    1765
    1889
    1806
    2145
    2438
    2281
    2010
    1890
    1821
    1910
    1830
    1828
    1827
    1795
    1837
    1882
    1904
    1784
    1862
    1784
    1833
    1855
    1779
    1754
    1847
    1820
    1874
    1787
    1821
    1742
    1837
    1799
    1846
    1771
    1810
    1800
    1774
    1848
    1793
    1758
    1797
    1811
    1900
    1803
    1854
    1908
    1866
    1863
    1782
    1822
    1866
    1808
    1835
    1822
    1838
    1813
    1972
    2374
    2554
    2187
    1903
    1820
    1862
    1831
    1935
    1919
    1846
    1841
    1882
    1824
    1845
    1868
    1922
    1874
    1859
    1855
    1888
    1967
    1976
    1939
    1956
    1985
    1946
    2212
    2106
    2176
    1966
    2223
    2156
    2229
    2208
    2245
    2241
    2294
    2312
    2370
    2322
    2442
    2338
    2402
    2628
    2614
    2508
    2449
    2415
    2362
    2376
    2382
    2477
    2429
    2464
    2349
    2398
    2386
    2357
    2388
    2379
    2291
    2336
    2302
    2302
    2398
    2309
    2384
    2290
    2262
    2260
    2215
    2299
    2296
    2517
    2406
    2339
    2246
    2201
    2163
    2142
    2233
    2218
    2157
    2166
    2209
    2208
    2166
    2185
    2150
    2194
    2121
    2077
    2113
    2136
    2162
    2270
    2063
    2113
    2087
    2129
    2134
    2097
    2105
    2070
    2067
    2060
    2283
    2641
    2661
    2305
    2083
    2042
    2180
    2009
    2034
    2027
    2109
    2008
    2058
    2134
    2194
    2183
    2067
    2062
    2037
    2065
    2015
    2156
    2091
    2025
    2039
    2067
    2010
    2057
    2030
    2049
    2084
    2011
    2009
    1998
    2045
    1986
    2109
    1991
    2002
    2058
    1993
    2054
    1993
    2081
    2040
    2066
    1998
    1977
    2058
    2017
    2071
    2048
    2044
    1968
    2018
    2031
    2021
    1981
    1985
    2006
    2027
    1998
    2013
    1956
    1989
    2104
    2008
    2049
    2005
    1957
    2044
    1964
    1943
    1976
    1993
    2073
    1971
    1995
    1988
    1963
    1890
    2013
    2042
    1941
    1938
    1922
    2000
    1915
    1954
    1959
    1990
    2072
    1892
    1947
    1997
    1938
    1877
    1897
    1962
    1921
    1984
    1902
    2016
    1887
    1898
    1947
    1931
    1958
    1923
    1950
    1893
    2109
    2001
    1952
    1873
    1872
    1899
    1945
    1911
    1894
    1884
    1912
    1905
    1949
    1941
    1950
    1908
    1994
    1851
    1955
    1854
    1916
    1921
    1848
    1954
    1912
    1966
    1933
    1828
    1855
    1916
    1941
    1839
    1876
    1889
    1864
    1970
    1980
    1937
    1900
    1911
    1918
    1966
    1934
    1879
    1789
    1874
    1852
    1846
    1928
    1791
    1887
    1801
    1850
    1957
    1814
    1879
    1848
    1899
    1907
    1934
    1787
    1936
    1801
    1844
    1902
    1861
    1875
    1819
    1873
    1851
    1830
    1852
    1879
    1848
    1843
    1930
    1877
    1772
    1863
    1878
    1882
    1898
    1857
    1907
    1821
    1848
    1935
    1866
    1897
    2038
    2084
    2045
    1841
    1868
    1843
    1872
    1883
    1834
    1824
    1831
    1861
    1883
    1780
    1886
    1933
    1818
    1891
    1935
    2175
    2203
    2090
    1941
    1829
    1830
    1841
    1916
    1881
    1900
    1854
    2092
    3285
    7178
   10317
    7785
    3709
    2089
    1861
    1881
    1870
    1943
    1947
    1870
    1822
    1802
    1883
    1880
    1965
    1891
    1832
    1867
    1876
    1917
    1878
    1860
    1898
    1896
    1889
    1860
    1799
    1964
    1929
    1951
    1899
    1944
    1993
    1893
    2012
    1830
    1947
    1940
    2028
    1994
    2023
    2031
    1969
    1942
    1932
    2038
    1902
    2016
    1994
    2002
    1999
    1952
    1963
    2001
    1980
    2044
    2083
    1986
    1955
    1959
    1917
    1976
    2016
    1971
    1909
    2041
    2079
    2013
    2082
    2074
    2102
    2055
    2024
    2044
    2015
    2105
    2056
    2080
    2087
    2066
    2035
    2032
    2053
    2054
    2086
    2172
    2121
    2145
    2091
    2171
    2117
    2174
    2073
    2136
    2089
    2221
    2221
    2191
    2154
    2208
    2230
    2242
    2284
    2245
    2259
    2207
    2181
    2144
    2208
    2271
    2250
    2204
    2247
    2267
    2206
    2235
    2388
    2400
    2362
    2205
    2232
    2155
    2167
    2355
    2298
    2188
    2314
    2304
    2236
    2300
    2276
    2188
    2295
    2211
    2263
    2341
    2321
    2269
    2313
    2257
    2259
    2230
    2231
    2277
    2161
    2227
    2121
    2157
    2194
    2044
    2170
    2110
    2032
    2082
    2049
    1985
    1883
    1905
    1790
    1823
    1748
    1728
    1722
    1631
    1638
    1599
    1602
    1633
    1542
    1521
    1428
    1435
    1384
    1369
    1457
    1394
    1313
    1386
    1300
    1315
    1278
    1266
    1258
    1301
    1265
    1232
    1276
    1284
    1265
    1210
    1203
    1241
    1196
    1259
    1174
    1178
    1166
    1195
    1186
    1069
    1164
    1154
    1120
    1081
    1104
    1141
    1028
    1095
    1081
    1060
    1032
    1088
    1076
    1029
     977
    1033
    1094
    1080
    1038
    1041
    1002
    1019
     994
    1032
    1054
    1026
     999
    1087
    1095
    1095
    1041
     981
    1028
     970
     957
    1000
     961
     955
     916
     962
     930
     931
     896
     959
    1089
    1532
    1989
    1867
    1274
     950
     923
     904
     867
     836
     871
     887
     818
     873
     908
     808
     826
     831
     830
     843
     841
     789
     772
     766
     847
     777
     812
     762
     788
     767
     775
     733
     768
     739
     741
     778
     809
     770
     741
     714
     697
     668
     682
     703
     691
     711
     700
     678
     681
     659
     686
     715
     698
     687
     708
     665
     696
     700
     651
     694
     616
     669
     671
     635
     645
     656
     620
     609
     658
     597
     613
     583
     620
     606
     616
     599
     573
     579
     604
     561
     570
     602
     555
     577
     593
     575
     578
     595
     528
     593
     549
     522
     561
     561
     526
     535
     542
     559
     497
     540
     534
     538
     493
     525
     530
     509
     529
     530
     550
     510
     519
     522
     520
     496
     499
     459
     480
     509
     449
     490
     486
     506
     499
     497
     468
     468
     452
     474
     427
     480
     478
     459
     467
     432
     459
     462
     468
     458
     483
     457
     463
     426
     475
     481
     454
     421
     460
     457
     476
     420
     444
     431
     455
     483
     458
     419
     439
     427
     445
     458
     471
     428
     437
     428
     448
     462
     417
     454
     444
     442
     448
     414
     450
     468
     464
     479
     436
     447
     457
     430
     474
     458
     435
     432
     472
     451
     447
     434
     442
     466
     407
     435
     438
     445
     430
     438
     437
     479
     453
     465
     413
     409
     445
     413
     423
     405
     416
     453
     440
     447
     437
     457
     436
     439
     431
     420
     440
     428
     443
     427
     451
     430
     411
     392
     408
     446
     385
     382
     445
     403
     431
     414
     421
     422
     474
     405
     441
     433
     413
     409
     420
     411
     402
     436
     437
     436
     424
     444
     442
     420
     390
     410
     398
     441
     469
     441
     403
     432
     491
     457
     381
     427
     400
     435
     403
     416
     429
     407
     419
     380
     430
     392
     415
     442
     406
     423
     427
     387
     433
     380
     441
     403
     408
     428
     426
     438
     574
     630
     571
     472
     416
     354
     412
     383
     422
     371
     408
     356
     387
     404
     413
     386
     414
     379
     364
     393
     395
     423
     446
     375
     405
     392
     400
     414
     429
     379
     429
     410
     402
     411
     362
     421
     412
     394
     405
     440
     427
     433
     384
     432
     400
     453
     415
     406
     404
     395
     414
     412
     447
     417
     441
     446
     419
     402
     442
     472
     445
     466
     522
     563
     507
     464
     489
     446
     484
     526
     449
     505
     517
     565
     622
     666
     735
     895
    1039
    1402
    1768
    2476
    3503
    5241
    7302
   10364
   14439
   19678
   26583
   36308
   48826
   61979
   73517
   80013
   79286
   72482
   60134
   46848
   34484
   25028
   18722
   13315
    9502
    6496
    4352
    2978
    1955
    1344
    1020
     988
     830
     628
     398
     278
     213
     212
     179
     180
     168
     149
     158
     165
     162
     120
     133
     116
     135
     128
     132
     129
     134
     137
     131
     131
     139
     114
     132
     126
     104
     112
     141
     147
     200
     248
     256
     185
     146
     118
     108
     122
     101
     116
     118
     107
     130
     123
     119
     125
     132
     129
     110
     116
     133
     111
     109
     104
     118
     101
     114
     120
     112
     122
     106
     112
     134
     112
     118
     101
     114
     110
     118
     123
     127
     114
     117
     117
     132
     137
     107
     109
     102
     119
     140
     126
     136
     173
     145
     161
     113
     113
      93
     119
     122
      94
     129
     121
     110
     114
     136
     101
     130
     115
     126
     141
     119
     103
     130
      98
      95
     103
     126
     100
     122
     148
     104
     110
      93
     115
     125
     114
     104
     113
     124
     105
     111
     128
     112
     166
     182
     175
     155
     137
     108
     119
     114
     117
     129
     119
     113
      96
     132
     124
     133
     118
     138
     103
     119
     107
     111
     113
     106
     109
     115
     111
     118
     130
     122
     128
     134
     129
     120
     120
     104
      96
     120
      88
     118
     116
      96
     111
     127
     121
     120
     124
     106
     110
     136
      81
     122
     118
     135
     164
     137
     124
     113
     108
     104
      97
     103
      94
      99
     136
     129
     169
     278
     415
     450
     311
     194
     120
     124
     110
     111
     121
     109
     120
      94
     122
     119
     135
     116
     109
     117
     158
     256
     364
     348
     329
     245
     183
     146
     145
     119
     118
     117
     116
     135
     124
     148
     124
     144
     125
     142
     125
     157
     122
     130
     139
      98
     121
     131
     143
     129
     118
     114
     136
     108
     139
     144
     165
     201
     201
     184
     159
     141
     113
     114
     130
     103
     110
     109
     136
     106
     117
     115
     103
     116
     102
     111
     119
     114
     119
     129
     108
     141
     160
     141
     120
     115
      95
     114
     105
      96
     115
     103
     116
      98
      81
     110
     111
     114
     116
      90
     109
     120
      90
     124
     133
     109
     105
      98
     110
     102
     112
     101
      91
     103
      88
     125
     101
     112
     106
     107
      90
     105
      96
     124
     123
     102
     117
     130
      94
      96
     105
     115
     128
     107
     118
     116
     103
     105
     113
      99
     104
     107
     101
     100
     101
     108
     107
      97
      94
     101
      98
      96
     109
      95
      91
      98
     106
     128
      93
     108
      94
      91
     112
     107
     120
     100
     116
     140
     115
      95
     107
      98
      99
      82
      85
      94
     107
     102
      91
     108
      97
     107
      91
     166
     471
    1274
    2225
    2710
    2178
    1115
     431
     157
     112
      82
      89
     100
      97
      94
      75
      86
     100
      87
      90
      86
      88
     113
      91
      87
      89
     111
      81
      84
      93
      91
      84
      76
      80
      81
      91
      84
      83
      88
      92
      99
      83
      80
      97
     108
      93
      91
      84
      85
      83
      97
     100
      77
      99
      90
      96
      99
      83
      99
      79
      98
      86
     105
      87
      94
      97
     114
      87
     105
     110
     100
      91
      99
     110
     103
     112
     106
      92
     119
     118
     101
      85
      89
      99
     100
     101
     113
     103
      82
     106
     105
      95
     100
      71
      76
      94
      75
      86
     100
      78
      86
      97
      86
      99
     100
     105
      95
      95
      91
     108
      73
      84
      94
      96
     101
      89
      80
      83
     106
      70
      94
      76
      95
      91
      84
      98
     104
      82
      95
      89
      78
      92
      85
      92
      74
      93
      85
      77
      91
      92
      77
      67
      82
      82
      91
     104
     114
     124
     101
      83
      85
      81
      90
      75
      83
      81
      82
      80
      82
      74
      73
      91
      68
      83
      91
      72
      75
      73
      81
      76
      82
      86
      96
      73
      90
      67
      91
      73
      65
      68
      85
      88
      87
      74
      83
      73
      85
      79
      76
      84
      76
      66
      76
      65
      62
      81
      62
      85
      72
      60
      82
      84
      74
      68
      73
      71
      81
      58
      78
      74
      60
      64
      73
      80
      83
      67
      79
      54
      74
      75
      71
      69
      66
      58
      68
      62
      60
      53
      69
      54
      76
      79
      58
      67
      56
      70
      72
      67
      67
      64
      68
     105
     132
     255
     395
     388
     370
     201
     118
      80
      64
      80
      70
      66
      68
      61
      60
      69
      64
      65
      70
      60
      68
      63
      65
      57
      77
      50
      51
      74
      76
      60
      59
      67
      61
      77
      72
      49
      55
      79
      51
      65
      78
      65
      71
      58
      50
      62
      66
      64
      56
      58
      68
      61
      67
      68
      61
      58
      57
      65
      80
      71
      62
      77
      66
      69
      66
      55
      69
      66
      65
      60
      59
      70
      64
      59
      64
      65
      66
      49
      61
      64
      58
      53
      53
      60
      62
      61
      48
      71
      69
      76
      78
      74
      60
      64
      70
      60
      66
      58
      78
      58
      63
      62
      68
      56
      69
      59
      52
      65
      60
      60
      67
      58
      65
      61
      62
      80
     110
     136
     126
     138
     120
     104
     168
     215
     244
     193
     119
      66
      74
      87
      76
      62
      71
      60
      76
      83
      71
      90
     103
      96
      83
     112
      88
      74
      79
      73
      68
      64
      65
      54
      65
      60
      59
      50
      57
      40
      57
      52
      61
      68
      56
      77
      63
      86
     107
      72
      79
      72
      57
      66
      58
      56
      65
      47
      81
      70
      68
      56
      74
      71
      73
      69
     145
     284
     417
     493
     414
     266
     129
      86
      58
      40
      68
      59
      52
      56
      59
      61
      72
      80
     102
     129
     119
      73
      70
      61
      67
      55
      70
      61
      55
      66
      63
      66
      54
      50
      59
      66
      86
      52
      56
      67
      50
      51
      56
      56
      80
      74
      54
      66
      69
      57
      51
      41
      73
      66
      63
      43
      53
      76
      75
      83
      74
      65
      63
      54
      66
      68
      69
      83
      87
      87
      83
      88
      58
      53
      49
      62
      61
      61
      64
      59
      68
      61
      66
      61
      90
     130
     113
     111
      82
      79
      61
      58
      73
      47
      63
      59
      81
      99
     248
     653
    1256
    1791
    1747
    1156
     603
     245
      96
      60
      50
      63
      46
      58
      59
      59
      56
      56
      51
      58
      56
      54
      48
      44
      45
      52
      50
      77
      48
      49
      59
      62
      50
      52
      62
      57
      57
      59
      47
      60
      60
      57
      54
      54
      47
      52
      47
      45
      68
      55
      63
      51
      58
      57
      55
      51
      54
      53
      66
      77
     103
     108
     115
      98
      82
      69
      61
      49
      49
      54
      50
      50
      54
      60
      41
      62
      48
      50
      51
      64
      50
      50
      65
      50
      47
      50
      56
      53
      57
      51
      57
      45
      49
      58
      56
      41
      58
      45
      58
      53
      41
      54
      54
      51
      58
      45
      54
      54
      64
      53
      61
      55
      45
      58
      60
      59
      36
      64
      56
      63
      55
      57
      62
      49
      41
      56
      42
      59
      48
      51
      59
      54
      43
      59
      40
      57
      49
      60
      52
      55
      60
      65
      40
      38
      59
      59
      52
      62
      63
      57
      57
      46
      50
      69
      73
      58
      87
      64
      48
      55
      62
      39
      57
      61
      52
      54
      66
      58
      62
      82
     146
     213
     289
     287
     203
     136
      94
      71
      55
      63
      76
      54
      51
      48
      55
      58
      42
      49
      56
      56
      48
      50
      51
      50
      63
      61
      56
      58
      43
      57
      47
      59
      50
      58
      57
      56
      53
      62
      50
      60
      51
      65
      64
      47
      36
      53
      54
      53
      58
      46
      53
      62
      54
      37
      61
      60
      47
      56
      56
      57
      77
      88
     174
     305
     335
     347
     266
     164
     100
      56
      69
      76
      78
     129
     201
     304
     353
     308
     215
     127
      81
      54
      57
      50
      52
      55
      55
      54
      51
      46
      50
      41
      47
      58
      51
      41
      45
      54
      60
      60
      61
      64
      50
      58
      62
      53
      49
      49
      56
      52
      55
      67
      45
      52
      54
      52
      51
      39
      50
      44
      46
      48
      58
      37
      56
      60
      51
      46
      48
      57
      41
      42
      44
      56
      55
      44
      46
      58
      35
      49
      50
      56
      42
      57
      41
      51
      65
      52
      54
      83
      55
      73
      48
      62
      45
      66
      48
      39
      43
      56
      50
      58
      55
      49
      54
      43
      59
      45
      46
      57
      44
      57
      45
      41
      32
      41
      49
      53
      34
      57
      42
      42
      48
      40
      43
      57
      56
      48
      42
      46
      42
      49
      47
      46
      31
      39
      47
      47
      52
      35
      52
      56
      41
      39
      63
      92
     116
     124
     103
     116
      73
      61
      58
      47
      57
      46
      58
      51
      46
      54
      54
      51
      45
      48
      43
      52
      44
      53
      54
      46
      35
      44
      49
      49
      53
      44
      41
      41
      58
      43
      50
      48
      45
      49
      46
      53
      48
      53
      42
      53
      40
      59
      44
      53
      51
      45
      52
      39
      37
      53
      38
      48
      45
      48
      37
      41
      40
      45
      49
      45
      33
      47
      36
      41
      47
      44
      49
      51
      41
      54
      39
      30
      32
      51
      53
      46
      37
      33
      33
      42
      37
      51
      37
      47
      51
      37
      44
      42
      40
      39
      39
      46
      51
      48
      40
      46
      58
      40
      55
      37
      49
      45
      48
      39
      47
      33
      38
      52
      39
      42
      42
      46
      45
      40
      44
      44
      57
      42
      54
      45
      50
      50
      54
      37
      40
      37
      40
      55
      40
      46
      42
      56
      51
      47
      43
      50
      47
      33
      49
      56
      48
      47
      53
      50
      72
      86
      71
      76
      51
      55
      52
      47
      41
      46
      53
      43
      42
      30
      45
      37
      49
      39
      51
      39
      45
      48
      42
      47
      49
      41
      46
      40
      47
      70
      39
      51
      54
      49
      46
      38
      45
      54
      37
      36
      40
      49
      48
      37
      43
      44
      52
      38
      47
      47
      39
      38
      50
      39
      46
      47
      46
      43
      42
      45
      39
      25
      43
      51
      41
      45
      43
      38
      57
      49
      39
      48
      51
      45
      47
      61
      59
      61
      46
      36
      43
      39
      40
      34
      40
      39
      39
      48
      44
      33
      38
      46
      45
      35
      32
      54
      48
      48
      45
      48
      63
      47
      45
      31
      44
      40
      33
      37
      32
      38
      39
      56
      45
      58
      40
      36
      40
      30
      44
      40
      35
      47
      47
      25
      46
      36
      43
      38
      40
      39
      44
      45
      30
      42
      34
      50
      46
      52
      52
      47
      48
      48
      42
      42
      39
      40
      38
      45
      48
      45
      31
      48
      32
      34
      31
      51
      44
      46
      49
      60
      50
      61
      61
      62
      55
      61
      54
      64
      76
      94
     114
      95
      90
      63
      76
      54
      55
      59
      42
      41
      42
      43
      50
      42
      42
      42
      46
      47
      47
      46
      38
      38
      42
      44
      38
      38
      41
      50
      45
      47
      38
      41
      27
      48
      30
      42
      35
      35
      47
      52
      50
      60
      86
     110
     152
     110
     101
      75
      56
      58
      41
      49
      61
      44
      46
      43
      50
      66
      46
      49
      51
      56
      34
      38
      37
      42
      42
      43
      39
      37
      47
      44
      34
      31
      44
      44
      47
      46
      45
      50
      39
      35
      39
      50
      25
      39
      38
      53
      52
      60
      64
      51
      47
      40
      39
      46
      34
      23
      35
      44
      47
      47
      52
      33
      33
      47
      52
      44
      47
      59
      57
      44
      37
      35
      42
      30
      35
      39
      30
      42
      56
      27
      30
      30
      33
      31
      35
      33
      35
      30
      39
      33
      39
      30
      40
      24
      37
      45
      36
      33
      28
      38
      34
      27
      31
      28
      27
      31
      31
      32
      35
      38
      37
      46
      64
      96
     155
     186
     154
     127
      93
      70
      52
      48
      35
      34
      25
      28
      26
      29
      31
      46
      44
      48
      54
      66
      98
     138
     194
     205
     162
     112
      80
      53
      44
      37
      43
      33
      42
      31
      37
      45
      40
      44
      41
      38
      46
      43
      37
      37
      41
      36
      46
      43
      36
      32
      34
      30
      33
      33
      27
      30
      35
      34
      28
      27
      31
      31
      28
      34
      35
      28
      40
      24
      42
      33
      31
      29
      26
      32
      59
     109
     214
     342
     423
     472
     372
     302
     159
      62
      52
      39
      39
      25
      34
      35
      36
      37
      28
      31
      30
      35
      28
      32
      41
      32
      36
      30
      26
      27
      25
      30
      33
      21
      34
      42
      26
      36
      40
      31
      35
      34
      26
      33
      25
      34
      35
      28
      45
      30
      28
      48
      21
      38
      44
      39
      51
      35
      54
      44
      37
      27
      22
      28
      34
      27
      34
      35
      33
      27
      35
      35
      27
      33
      31
      36
      30
      32
      26
      40
      26
      41
      33
      28
      28
      25
      27
      32
      44
      33
      37
      26
      31
      31
      38
      31
      29
      37
      26
      34
      27
      26
      31
      31
      24
      21
      39
      29
      35
      36
      27
      19
      31
      31
      26
      43
      29
      33
      36
      23
      28
      29
      33
      26
      35
      29
      48
      31
      23
      27
      20
      22
      28
      33
      36
      21
      31
      26
      23
      31
      28
      26
      35
      27
      33
      26
      36
      36
      39
      66
      68
      47
      39
      35
      26
      38
      32
      27
      38
      32
      32
      21
      29
      28
      21
      30
      28
      29
      30
      20
      49
      33
      32
      22
      33
      36
      22
      30
      23
      29
      24
      30
      19
      20
      31
      19
      24
      21
      36
      25
      24
      21
      23
      26
      26
      22
      21
      31
      30
      27
      25
      23
      31
      28
      26
      22
      26
      19
      19
      21
      30
      27
      17
      25
      29
      25
      35
      27
      27
      31
      32
      25
      22
      26
      21
      26
      14
      24
      30
      27
      27
      32
      22
      23
      24
      21
      30
      29
      28
      17
      21
      25
      33
      27
      13
      26
      22
      22
      24
      26
      16
      22
      33
      34
      26
      19
      25
      33
      22
      20
      24
      31
      20
      26
      32
      23
      21
      27
      34
      19
      13
      17
      14
      21
      23
      16
      27
      25
      20
      21
      24
      29
      19
      31
      29
      27
      16
      23
      23
      19
      18
      25
      26
      32
      44
      42
      48
      74
     105
     182
     190
     212
     160
      93
      72
      46
      24
      29
      20
      26
      35
      27
      38
      29
      39
      47
      54
      37
      39
      30
      34
      24
      29
      22
      18
      22
      25
      22
      21
      18
      22
      22
      19
      29
      30
      18
      17
      22
      19
      26
      24
      26
      20
      27
      23
      21
      28
      33
      36
      59
      68
      82
      66
      52
      42
      39
      18
      18
      28
      32
      28
      27
      36
      36
      53
      31
      37
      24
      18
      20
      15
      24
      22
      17
      25
      19
      15
      27
      20
      28
      19
      20
      22
      21
      26
      23
      22
      19
      20
      22
      26
      26
      33
      32
      26
      32
      22
      31
      28
      18
      19
      20
      21
      35
      37
      42
      68
      71
      68
      66
      52
      52
      26
      33
      21
      18
      19
      23
      16
      21
      24
      22
      19
      24
      11
      19
      14
      20
      17
      23
      23
      22
      28
      24
      23
      25
      19
      25
      44
      99
     176
     396
     553
     784
     766
     654
     403
     230
     111
      40
      29
      24
      18
      23
      21
      16
      24
      24
      14
      26
      18
      23
      14
      26
      20
      22
      24
      24
      26
      14
      17
      19
      19
      23
      17
      19
      24
      18
      25
      16
      19
      26
      27
      19
      17
      21
      26
      25
      16
      16
      18
      18
      23
      18
      22
      18
      20
      14
      19
      23
      22
      23
      18
      32
      26
      25
      27
      21
      29
      23
      22
      27
      20
      19
      20
      28
      16
      25
      25
      26
      16
      20
      19
      14
      22
      29
      38
      48
      88
     132
     123
     134
     106
      96
      47
      45
      19
      23
      13
      24
      32
      29
      23
      18
      18
      19
      21
      17
      20
      14
      23
      16
      18
      20
      27
      17
      18
      25
      14
      19
      18
      23
      21
      18
      19
      16
      13
      20
      22
      20
      16
      25
      21
      21
      18
      20
      21
      24
      19
      13
      22
      13
      15
      18
      19
      20
      17
      21
      18
      16
      21
      15
      22
      19
      25
      16
      17
      22
       8
      18
      20
      12
      19
      10
      15
      21
      24
      20
      26
      23
      21
      28
      41
      41
      65
      62
      58
      47
      37
      29
      19
      17
      20
      16
      19
      12
      24
      25
      11
      15
      22
      26
      24
      15
      12
      12
      18
      16
      20
      16
      23
      21
      13
      15
      19
      21
      12
      19
      16
      22
      14
      13
      16
      22
      18
      15
      24
      18
      17
      23
      18
      16
      18
      16
      19
      21
      24
      17
      20
      21
      21
      20
      14
      19
      22
      17
      15
      16
      21
      26
      27
      73
     103
     170
     207
     218
     203
     141
      81
      48
      23
      15
      25
      14
      14
      18
      18
      23
      18
      25
      23
      22
      21
      20
      25
      20
      13
      24
      19
      22
      17
      15
      23
      16
      15
      20
      24
      19
      25
      27
      27
      21
      22
      20
      19
      22
      20
      19
      20
      25
      16
      21
      26
      20
      19
      21
      24
      15
      19
      19
      17
      19
      25
      16
      16
      21
      13
      24
      13
      18
      14
      24
      19
      19
      32
      26
      29
      35
      41
      46
      32
      23
      28
      28
      24
      37
      47
      51
      33
      19
      23
      15
      16
      12
      26
      21
      23
      18
      20
      19
      15
      19
      16
      13
      23
      28
      24
      19
      15
      24
      18
      17
      24
      19
      19
      19
      15
      16
      22
      16
      14
      22
      16
      18
      17
      17
      24
      22
      30
      20
      21
      32
      42
      90
      96
     127
     126
      91
      54
      36
      26
      21
      19
      21
      15
      22
      13
      17
      16
      22
      12
      16
      13
      17
      12
      14
      26
      14
      16
      17
      20
      14
      18
      17
      17
      21
      25
      15
      24
      19
      14
      15
      12
      17
      23
      16
      15
      25
      17
      16
      16
      15
      21
      25
      18
      22
      26
      17
      23
      15
      17
      11
      30
      19
      17
      20
      25
      11
      12
      20
      11
      16
      16
      21
      25
      20
      20
      26
      19
      34
      19
      17
      12
      25
      13
      18
      19
      16
      22
      16
      21
      18
      21
      25
      22
      22
      12
      11
      18
      15
      26
      22
      18
      22
      12
      14
      21
      17
      19
      17
      14
      14
      21
      29
      21
      20
      16
      24
      23
      15
      27
      25
      25
      33
      25
      22
      24
      19
      14
      22
      15
      16
      19
      24
      13
      23
      19
      16
      25
      17
      14
      24
      21
      17
      11
      28
      16
      17
      19
      22
      21
      17
      15
      25
      17
      18
      18
      25
      20
      22
      15
      13
      14
      14
      11
      15
      25
      15
      21
      23
      14
      25
      20
      16
      14
      20
      22
      18
      10
      14
      22
      22
      28
      23
      17
      21
      18
      14
      23
      20
      13
      22
       9
      20
      24
      22
      16
      20
      21
      15
      16
      11
      25
      19
      17
      20
      23
      16
      13
      21
      14
      17
      28
      18
      24
      32
      17
      18
      20
      21
      16
      24
      25
      17
      24
      17
      12
      14
      18
      13
      26
      20
      15
      16
      20
      21
      22
      24
      23
      18
      19
      21
      20
      19
      16
      22
      19
      23
      18
      15
      18
      11
      19
      16
      17
      24
      13
      16
      20
      20
      21
      10
      15
      23
      16
      17
      22
      21
      18
      10
      19
      14
      12
      16
      21
      20
      21
      17
      14
      17
      23
      18
      16
      17
      16
      17
      18
      16
      21
      25
      20
      22
      18
      15
      14
      15
      22
      18
      15
      13
      16
      20
      27
      17
      24
      15
      24
      26
      16
      24
      14
      16
      14
      22
      15
      15
      20
      22
      12
      12
      16
      14
      22
      22
      16
      22
      34
      19
      29
      29
      41
      39
      38
      26
      26
      19
      19
      15
      19
      20
      23
      15
      17
      23
      18
      17
      13
      10
      15
      19
      15
      17
      11
      17
      15
      23
      24
      24
      18
      13
      22
      24
      18
      25
      22
      22
      20
      18
      14
      18
      18
      13
      11
      23
      18
      26
      22
      19
      20
      13
      19
      17
      18
       9
      19
      13
      20
      27
      17
      11
      22
      20
      19
      17
      21
      20
      17
      21
      17
      18
      12
      23
      15
      12
      24
      17
      20
      16
      19
      14
      23
      21
      16
      15
      23
      17
      17
      14
       7
      15
      10
      13
      17
      15
      23
      22
      20
      20
      11
      22
      14
      18
      14
      17
      19
      13
      20
      15
      21
      18
      16
      29
      24
       8
      16
      14
      24
      10
      10
      13
      16
      11
      15
      22
      15
      16
      12
      20
      19
      18
      18
      16
      16
       9
      20
       9
      14
      16
      14
      14
      14
      10
      10
      11
      19
      18
      16
      20
      18
      17
      10
      11
      18
      14
      18
      12
      16
      11
      17
      17
      21
      16
      16
      11
      21
      24
      20
      17
      17
      17
      29
      19
      20
      12
      15
      26
      20
      15
      21
      17
      14
      16
      13
      23
      23
      16
      19
      19
      17
      14
      23
      13
      16
      13
      15
      15
      19
      13
      17
       8
      19
      22
      11
      13
      20
      17
      11
      22
      17
      17
      17
      18
      17
      16
      19
      29
      16
      15
      15
      17
      12
      15
      20
      20
      15
      16
      21
      17
      17
      17
      11
      14
       6
      25
      17
      13
      13
      15
      10
      16
      16
      17
      28
      16
      15
      18
      18
      18
      17
      15
      13
      22
      21
      20
      19
      16
      21
      12
      13
      10
      23
      17
      20
      19
      22
      25
      24
      16
      26
      10
      19
      14
      23
      21
      10
      19
      24
      18
      17
      11
      19
      13
      15
      18
      17
      27
      23
      17
      12
       9
      13
      17
      21
      12
      22
      21
      14
      15
      20
      18
      14
      12
      17
      11
      14
      14
      19
      20
      16
      16
      16
      14
       9
      15
      15
      13
      22
      14
      10
      14
       9
      21
      19
      21
      12
      18
      11
      16
      12
      17
      21
      20
      14
      15
      18
      12
      13
      16
      14
      16
      15
       7
      18
      15
      15
      15
      12
      20
      12
      12
      13
      14
      20
      23
      21
      19
      13
      15
      21
      16
      12
      19
      12
      18
      16
      15
      14
      19
      12
      15
       9
      15
      14
      18
      18
      14
      17
      15
      13
      12
      11
      16
      16
      18
       9
      12
      18
      11
      16
      16
      12
      10
      15
      15
      20
      18
      16
      10
      17
      10
       7
      17
      11
      17
      12
      10
      14
      17
      16
      12
      19
      12
      16
      16
      15
      20
      13
       8
      15
      20
      12
      15
      19
      14
      21
      14
      14
      19
      24
      20
      26
      18
      16
      15
      15
       8
      17
      15
      15
      11
      11
      19
      16
      18
      17
      16
      23
      25
      23
      22
      17
      24
      19
      14
      13
      17
       7
      14
      16
      20
      17
      18
      10
       6
      15
      25
      18
      17
      14
      13
      17
      13
      16
      16
      15
      16
      10
      14
      17
      17
      15
       9
      12
      25
      20
      15
      24
      20
      16
      21
      19
      14
      12
      12
      14
      12
      11
       8
      20
      10
      18
       8
      11
      10
      18
      10
      13
      13
      15
      15
      12
      17
      14
      11
      16
      16
      18
      22
      20
      34
      34
      20
      27
      22
      18
      17
      22
      13
       9
      13
      15
      11
      20
      15
      13
      10
      14
      10
      16
      14
      12
       9
      12
      15
      11
      14
      12
      13
      14
      11
       7
      12
      10
      14
      10
      16
      12
      11
       7
      16
      11
      15
       6
      13
      16
      21
      11
       7
      17
      21
      52
      74
     107
     134
     182
     156
     129
     121
      71
      56
      37
      16
      16
      12
      17
      11
      15
      10
      13
      11
      13
      19
      14
      10
      17
      18
      13
      12
      17
       8
      10
      11
      13
       9
      10
      12
       9
      15
      13
       9
      10
      10
      14
      10
      12
      12
      16
      14
      15
      11
      16
      15
      18
      12
      10
      18
      19
      16
      14
      17
      14
       8
      10
      12
      12
      15
      10
      13
      14
      11
      12
      14
      12
      11
      16
       7
       9
      11
      10
      16
      10
      11
      11
      16
       9
      13
      11
      17
      15
      11
       9
      14
      13
      19
      17
      16
      18
      10
      17
      11
      21
      17
       9
      19
      15
      19
      19
      20
       8
      17
      18
       8
       8
      20
      14
      13
      17
      11
      13
      14
      13
      14
      12
       9
      10
       8
      10
      12
       6
      14
       6
      17
      12
      17
      17
      14
      15
      11
      10
      17
      12
      11
      15
      14
      16
      12
       8
      12
      17
      13
      17
      11
      14
      11
      17
      14
      12
      14
      12
      15
      17
      11
      10
      11
      13
       7
      16
      14
       9
      14
      10
      15
      24
       8
       9
      12
      17
      15
      12
       8
      17
      12
      17
      17
      16
      11
      10
      11
      16
      16
      15
      19
      10
      17
      14
      15
       8
      10
      15
      13
      16
       9
       9
      10
      12
       8
      14
      10
      11
      10
      15
       6
       9
      16
      14
      18
       8
      10
      13
      13
       4
      12
       8
       7
      11
       7
      10
      14
       8
      10
       9
       7
      14
      10
       7
       7
      11
      14
      11
      14
      15
      12
      12
       8
      12
      12
      14
      12
      10
      13
       6
      13
      17
      12
      11
       8
       8
       8
      10
      13
      14
      14
      15
      16
      17
      15
      11
      16
      10
      11
      13
       8
      17
      13
      11
       8
      13
      13
      12
      15
      10
       9
      12
      12
      11
      13
      11
      14
      12
       9
      13
      12
      10
      11
      17
      10
      11
      14
      21
      19
      19
      26
      31
      23
      24
      16
      11
      13
      12
      10
       4
       9
      16
       7
       4
       9
      15
      12
      11
      18
      12
      16
      13
      12
       7
       9
      12
       9
       6
       9
       5
      15
       8
      14
      16
      12
       8
      16
      11
      15
      12
       9
       7
       6
      15
       9
      11
      15
      12
      12
      16
      11
      12
      20
      16
      19
      20
      16
      10
      11
      14
      22
      21
      20
      15
      11
       6
      13
      14
      11
      11
       9
      11
      10
      10
      14
      11
      16
       7
      11
      12
      11
      17
      11
      24
      37
      42
      69
      55
      73
      52
      39
      35
      20
      13
      11
       8
      10
      10
      13
       6
      14
       9
      10
       7
      10
      20
      29
      35
      63
      43
      51
      48
      43
      30
      20
      17
      16
       9
       8
      11
       6
      16
       8
      14
      10
      13
      13
      16
      11
      13
       5
       6
      13
      14
      11
      12
      17
      12
      10
      14
       5
       9
      11
      14
      10
      14
      12
      10
      14
      17
      13
       6
       8
       8
      10
       8
       6
       5
      10
      13
      14
       8
       7
      11
      12
      11
      13
      13
      10
      10
      10
       8
      12
      12
      17
      15
      16
      14
      18
       9
      11
      10
      12
       8
      11
       9
      14
      10
      16
      13
       9
       9
      13
      10
       5
       8
      11
      16
       7
      16
      10
      11
       9
       9
       7
       8
      10
       5
      11
       9
       9
       9
      11
      12
      14
       7
       9
      10
      12
       7
       9
       6
      16
       7
      13
      16
      12
      17
       8
       8
       5
      11
       9
      12
       9
      11
      15
      12
      13
       7
      10
      15
      13
      12
      15
      15
      13
      11
      17
       9
      10
      10
      16
      15
      12
      10
      18
      18
      19
      14
      14
      11
      13
      16
       9
       8
       6
      10
       9
      10
      11
       7
      19
      10
      11
       7
       5
       9
      11
      15
      13
      19
      10
       9
      13
      10
      15
      11
      10
      10
      12
       7
       9
       7
      15
      13
      11
       6
       9
       7
      10
      14
       4
      14
       9
       7
       7
      14
      13
      17
      10
       6
      14
       7
      12
      13
      12
      15
      17
       9
      14
      16
      10
       7
      14
      10
      11
      16
      10
      17
       9
      12
      13
       7
      12
      10
      12
       7
      12
      13
      10
      12
       8
      14
       6
       4
       3
      10
      10
      14
      10
       9
       8
      10
       9
      16
      10
       6
       8
      11
      11
      10
      11
       8
      10
       6
      11
      11
       6
       6
       8
      10
      10
      15
      14
       9
       8
       6
       5
      13
       6
       9
       9
       8
       9
      15
      12
      15
       9
      11
      13
      10
       8
      10
       8
       9
       8
      15
      12
      11
      10
       9
      16
       9
      14
      13
      14
       7
      12
      16
      11
       3
      10
       9
       7
      16
      14
       5
      18
       6
      12
       8
      10
      10
      12
      12
      12
      12
      17
       7
       9
       7
       8
       7
      10
       6
       8
      13
       6
      10
      15
       7
       9
       8
      17
      11
       4
      12
       7
      11
      10
      13
      13
       9
       9
      11
      10
       7
      15
      17
       8
       7
       8
       7
       6
       5
       9
      11
      10
      10
      12
      12
      11
      12
       9
      12
       8
      10
      13
      10
       8
      10
      13
      13
      13
      13
      15
      12
       8
       7
       7
       7
       9
       7
      13
      10
       8
       5
      15
      10
       9
      10
      10
      11
      15
      10
      11
      10
      13
       9
       8
      13
      17
       7
      12
      12
      10
      13
       8
      11
      13
      12
      10
      14
      13
      20
      36
      50
      74
      67
      77
      74
      55
      50
      35
      21
      21
       7
       8
       4
       7
       8
       9
      12
       8
      13
       8
      11
      16
      10
       8
      15
       5
       8
      16
       9
       9
      13
      15
      15
      15
      14
      18
      12
       8
      11
      10
      11
      12
       4
       7
      10
      12
       9
      10
       6
      11
       9
      15
      12
      11
      12
      10
       9
       6
       3
       6
       3
       9
      11
       7
       8
       3
       6
      18
      11
       5
       9
       2
       7
       8
       6
      11
      10
      11
      10
       8
      11
      12
       7
      10
      14
       8
      13
      11
      10
       8
       6
       9
       5
      10
       8
      14
       8
       3
      13
      17
      11
      10
      11
       8
       9
       9
       9
       6
       7
      11
      10
       3
      11
      11
       6
       7
       8
       7
      12
      11
      15
       4
      13
       7
      15
      14
       8
      10
       6
      14
      13
      11
       8
      11
       7
       7
       6
       6
       8
       9
      12
       7
      12
       9
      12
      10
       8
      13
       7
       4
      15
      11
       9
       7
      10
       9
      14
       8
       7
      12
      15
      14
       6
       6
       6
       9
       9
       3
       3
       7
      13
       8
      10
       9
       7
      12
       9
      12
      10
       9
      22
      10
       9
      12
      11
      10
      10
      11
      12
      14
      11
      10
       8
       5
       7
       7
       8
       8
       5
       9
       9
      11
       9
      12
       3
       9
      12
      10
       5
       9
       9
      14
      12
       7
       7
      12
       9
      10
      14
       8
       6
       5
      16
      13
       5
      10
       9
      12
       5
      11
       6
       8
      14
      13
       9
      12
      12
      12
       9
       8
       7
      14
      12
      12
       7
       8
       5
      12
      13
      16
      11
      15
       9
      12
      13
       9
      14
       6
      10
       6
       8
      12
       4
       9
      10
      10
      13
       9
       7
      12
       8
       9
      10
      10
      13
       8
      11
      13
      15
      13
       6
       4
       8
       9
      17
      12
       8
       6
       9
       7
      14
      12
       1
      10
      11
      10
       7
       5
       7
      13
      12
      23
      24
      39
      34
      37
      18
      18
      11
      22
      18
       8
      11
      13
       8
      10
       6
       8
       9
       7
       9
       8
      11
       9
       5
      13
      10
       7
      10
      11
       8
       8
      11
       3
       9
       5
      10
      15
       9
       7
      12
      12
      11
      14
       9
       9
      11
       7
      14
      10
      16
       9
      11
      15
       7
      14
       6
       8
      10
       5
       7
      12
      13
       7
       6
       7
      12
       7
       9
       5
       8
       6
       5
      10
       8
      11
      10
       6
       6
       7
      14
       8
      10
       4
      10
      11
       9
      11
      10
      11
      12
      10
      10
       5
       4
      12
       7
       9
       6
      10
      13
       8
       6
      11
      11
       9
      12
      15
       5
       4
      11
      10
      10
      13
       5
       9
       7
       6
       8
      11
      14
       5
      13
       7
       9
      11
      10
       9
       5
       8
      11
       6
       5
      11
      12
       4
       9
       3
       8
       9
       5
      10
       9
      10
       6
       8
       4
      11
       7
      10
       8
       9
      14
      10
       6
       6
      12
       8
      11
      14
       4
       9
       7
       4
      11
       6
      12
       6
       6
      15
      11
       7
      11
       6
      14
       7
       8
       8
      11
       5
       6
      14
      11
       6
      11
      15
      11
      10
       6
      11
       6
      10
      10
       7
      11
      10
       6
      10
       9
       5
      11
      10
       9
      12
       9
      10
      11
      11
      11
       6
       9
       9
       8
      11
      10
      12
       9
       5
       8
       8
       8
      10
      15
       8
       7
      11
      11
      10
       8
       8
       5
       7
      12
      10
      10
       7
      10
      12
       6
       6
      11
       9
      12
       8
      11
      13
      15
       9
       6
       6
      10
       5
       9
       4
       6
      15
       6
      16
       8
       8
      11
      13
      13
       8
       8
      11
       8
      16
       9
       9
       9
      12
       5
       8
       7
       5
       6
      10
       9
       8
       8
       8
      13
       3
      13
      11
       9
       8
       6
       9
       8
      12
      12
       9
       8
       4
      12
       5
       6
      12
      11
       7
       2
      10
       8
       9
       5
       9
      10
      12
       7
      11
      16
      10
       8
      15
       9
      10
       6
      13
       8
       8
       8
       7
      12
       8
       8
      13
       7
      10
      11
      10
       2
      11
      13
       8
      14
       7
       5
      11
       9
       4
      11
      12
       9
       8
      10
       8
       8
      12
      11
       7
       7
      10
       8
       9
       6
      14
       8
      14
      13
       7
       6
       5
      12
      10
       9
       8
       5
      14
       9
       6
      15
       7
       7
      10
       9
       9
       7
       7
       4
       6
       9
       9
       8
       6
       6
      10
       4
      10
       6
      10
      13
       6
       6
      17
       6
      11
       6
      13
       4
       7
      12
       9
       6
       7
      16
       5
       8
       4
       5
       6
      10
      11
      10
       7
      11
      11
       9
       7
       7
      10
       9
       9
      13
       5
       3
       7
       5
      11
      12
       7
       9
       7
      10
       3
       5
      12
       8
       7
      14
       9
       1
       6
       6
      10
      10
       3
       8
       9
       4
       9
      12
      10
      10
       6
      11
       6
      10
      10
      15
       8
       7
       9
       7
       6
       7
       7
       6
      15
      12
       9
       9
      13
       7
      12
       7
       9
       8
       7
       4
       9
       9
      11
      11
       6
      11
       5
       6
       9
       8
      13
       7
       9
       7
      17
      12
       8
       9
       3
       8
      12
       9
       7
       9
       8
       7
      10
      10
      11
       8
       5
       6
      12
       6
       9
      10
       5
       7
       7
       9
       9
       9
       8
       9
      10
       7
       6
       7
       9
      11
       8
       8
      12
      10
       7
       7
       6
      10
      12
       5
       7
       7
       9
       6
       8
       5
      11
       3
       9
      11
      12
       7
      10
       9
       8
       8
       8
      10
       8
       7
      11
       3
       6
      10
       9
       7
       7
       6
      10
      16
       9
       2
       7
       8
      10
       8
       7
      14
      13
       5
      10
       5
       6
      10
       5
      10
       4
       7
       7
       7
       3
       6
      10
       9
       6
       6
       5
       2
      10
      10
       9
      11
       6
       3
       7
      10
      12
       7
       9
      11
      11
       5
       4
       7
       4
      10
       7
      14
      10
       6
       6
       6
       9
       8
       7
      13
       5
       9
       8
      11
      14
       8
       8
       7
       3
       8
      10
       6
       6
       9
      13
       7
      13
      12
       7
      10
      11
       9
       7
      10
       5
       9
       8
       6
       4
       8
       6
       8
      11
       5
       4
       5
      11
       8
       8
       7
       8
      10
       7
       9
       6
       6
       9
      10
      10
       5
       5
      14
       6
       4
      15
       4
       7
       8
       5
       2
       7
       9
       9
       9
       4
      17
       8
       9
       6
      10
      12
       9
       3
      10
      11
       8
       7
       9
       7
       8
       6
       3
       5
       3
       4
       7
       9
       8
       9
       7
       4
       4
       6
       8
       7
       5
      10
       4
       8
      11
      10
      12
      17
      10
       8
       5
       7
      11
      15
       8
       9
      13
      11
       3
       7
       5
       9
       9
       7
       7
       7
       6
       6
      13
      11
       5
      11
       5
       9
       4
       3
       8
       6
       7
       5
       9
       7
       9
       9
      10
      11
       9
       2
       4
      11
       8
       9
       6
       4
       9
      10
       8
      12
      10
       7
       9
       8
       6
       6
       6
       5
       9
       4
       7
       8
       8
       5
       8
       4
       7
       6
       4
       4
      10
       4
       7
       5
       7
      13
       6
       5
       2
       7
       7
       4
      10
      11
       3
       2
       5
       9
       9
       8
       6
       8
       8
       8
      11
       8
      17
      10
      10
      11
       8
       5
      10
       9
      11
       5
       9
      10
       7
       9
       9
       6
       9
       6
       9
      11
      10
       5
       6
       6
      12
       9
       8
      10
      14
       6
       5
      10
       9
      17
      11
       7
       6
      11
       7
       5
      10
      11
      12
       9
      11
       9
       7
      13
      11
       7
      11
       8
       9
       9
       8
       7
       3
       5
       4
       4
       5
       8
       8
       6
       3
       9
       5
       7
       9
       6
       7
       6
      13
       9
       5
       9
       5
       9
      12
       6
       6
       6
       6
       9
       3
       8
       7
      12
       7
       9
       9
       7
       4
       8
       9
       9
       6
       6
       7
       7
      12
       4
      11
      12
       7
       3
       5
      11
       6
       6
      11
       7
       6
       2
       7
      10
       7
       8
       6
      13
       8
       7
       7
       7
       3
       5
       4
       8
       6
       4
       8
       8
       7
       7
       8
      11
       5
       9
       7
       7
       8
       8
       8
       7
       5
       2
       9
       8
       7
       6
       8
       7
       9
       6
       6
       5
       7
      14
       7
       8
       8
       5
       5
       5
       4
       8
       5
       6
      11
      10
       6
       8
       4
       8
      10
       6
       6
       4
       9
       7
       9
       4
       8
      12
       5
       6
       8
      12
       7
       5
       5
       3
      10
      10
       7
      10
       6
       4
       7
       8
      11
      12
      15
       9
      10
      14
      11
       7
       4
       5
       8
      10
       5
      11
       6
      12
       8
      14
       4
      10
       9
       5
       9
      10
      11
       2
       5
      10
       7
      10
       9
      15
       7
      10
       6
       7
      10
       8
       9
       6
       9
      15
       8
       9
      16
      20
      25
      26
      26
      25
      24
      12
      14
       4
       9
       5
      11
       8
       9
       8
       5
       9
       5
      10
      11
       5
       5
       6
      10
       4
       5
       5
       7
       4
       9
       9
       5
      12
       8
       4
       9
       5
       8
       1
       4
       6
       4
       3
       7
       6
       9
       8
       2
       7
       4
       7
       4
       7
       9
       4
       8
       4
      11
       6
       7
       6
       5
       3
       6
       4
       8
       6
       5
       4
       6
      12
       7
       8
       5
       7
       8
       5
       4
       6
      11
       6
       5
       8
      10
       8
       7
       6
       9
       8
       9
       6
       8
       8
       7
       8
       5
       3
      12
      13
       4
       9
      12
       7
       7
       7
       6
      14
      12
      13
      10
       8
       6
       9
      12
       7
       4
       9
       8
      11
       9
      15
      10
       6
      12
       5
      10
       4
       9
       3
       6
      12
       5
       9
       9
       7
       6
       5
       4
       5
      11
       8
       7
       8
       9
      12
      10
       5
       8
       4
       8
       3
       6
       8
       6
      10
      13
       8
       5
      16
       4
       5
      12
       5
       8
       5
      10
       9
      12
      11
      15
      11
      17
       7
       8
      11
       7
       9
       3
       8
       8
       7
       7
       4
       5
      10
      13
       9
       7
      10
       6
       5
      14
       9
       5
       2
      10
       5
       5
       8
       5
       8
       1
       6
      15
      11
       7
       7
       6
       4
       6
       7
      10
      10
       5
       5
       9
       8
      12
       5
       7
      12
       9
       9
       6
       9
       7
       7
       7
       9
       9
      11
       7
       7
      10
      11
       8
       6
       2
      12
      11
       3
       7
       7
       6
       7
       7
       5
      10
       9
       7
      10
       9
       6
       3
       8
       4
      10
       6
       4
      10
      10
       3
       8
       5
      14
       8
       4
       4
       7
       6
       9
       9
      13
      15
       5
       7
       7
       6
       8
       9
      14
       6
       9
       7
       6
       5
       4
      10
      11
       6
       3
       7
       7
       3
       4
       4
       5
       7
       5
       7
       8
       8
       7
       8
       5
       8
      10
       1
       6
       8
       8
       8
       9
       4
      11
       5
       9
       6
       5
       5
       7
       8
      10
      11
       5
      12
       9
      11
      11
       6
       3
       2
       9
       8
       4
       6
       7
       4
       4
       5
       8
       9
       7
      10
       6
       7
       4
       6
       9
       7
       6
       9
       8
      12
       7
       5
       7
       9
       7
       4
       3
       3
       4
       6
       4
       7
       5
       8
       8
       2
       8
      10
       4
       5
       6
       7
       5
       5
      13
       7
       9
      13
       9
      14
      10
      10
       9
       3
       6
       8
       7
       4
       8
       8
       7
       6
       5
       7
       4
       7
       6
       7
      11
       4
       4
       5
       9
       4
       8
       5
       4
       4
       9
       6
       3
       5
      11
       7
       9
       9
       2
       7
       7
       7
       9
       8
       8
       7
       9
       6
       5
       5
       7
       4
       5
       7
       6
       8
       6
       4
       6
       7
       7
      11
       5
       7
       6
       5
       7
       7
      10
       4
       9
      10
       8
       6
       5
       6
       3
       7
       4
       7
      10
       5
       9
       4
       5
       9
       3
       7
       6
       5
       6
       3
      11
       3
       9
       7
       4
       4
       7
       6
       6
       3
       7
       5
       5
       8
       7
       8
       5
       6
       4
       5
       3
       7
       4
       6
       5
      10
       5
       4
       9
       5
       6
       9
       6
       8
       3
       8
       9
       4
      10
      13
       9
       7
      14
       6
       9
       5
       6
       9
       7
       8
       6
       5
       8
       8
      10
       6
      10
       7
       5
      10
       7
       8
      12
       7
       9
       6
       6
      13
       9
       8
       6
       9
       8
       3
       3
       8
       3
       9
       5
      12
       8
       8
       6
       6
       6
       4
       3
       4
       9
      10
       7
       8
       2
       8
       3
       8
      10
       6
       8
       7
       6
       7
      12
       3
       4
      11
      10
       5
       3
       7
       3
       5
       3
       2
       4
       7
       9
       6
       8
       4
       3
       4
       9
       2
       5
       8
       9
      11
       3
       4
      11
       6
       6
       4
       6
       5
       9
       5
       5
       6
       4
       9
       4
       6
       4
       1
       3
       7
       1
       7
       7
       6
       3
       4
       8
      16
      11
      10
       3
      11
       6
       5
       9
      12
       9
      10
       9
       3
       5
       8
       4
       9
       5
       3
       8
       7
       5
       7
       9
       3
       3
      12
       6
       5
       6
       5
       4
       4
       4
       5
       5
       8
       6
       6
      14
       8
       6
       4
      11
       6
       6
       6
       5
      12
      11
       9
      18
       6
      16
      21
      15
      22
      15
       8
       9
       2
       8
       4
       7
       8
       5
       8
       9
      12
       9
       3
       5
       6
       3
      10
       6
       4
       8
       7
       4
       7
      10
       5
       6
       4
       4
       9
       4
       5
       5
      10
       6
       8
       9
       5
       6
       6
       4
       3
       6
      10
       8
       5
       5
      10
       4
       6
       6
       5
       4
       6
       5
       6
       4
       8
       6
       6
      10
       3
       5
       2
       7
       6
       1
       6
       7
       5
      11
       7
      10
       5
       5
       3
       3
       7
       8
       6
       4
       4
       6
       7
       5
       8
       7
       6
       2
       6
       4
       3
       8
       5
       6
       4
      11
       8
       7
       6
       3
       7
      10
       5
      11
       6
       7
       9
       5
       8
       5
       5
       8
       7
       2
      11
       1
       5
       4
       7
       2
       5
       6
       9
      10
       9
       5
      10
       2
       5
       8
       4
       8
      10
       8
       5
       8
       1
       8
       4
       9
       5
       6
       2
       5
      10
       6
       9
      11
       6
       5
       4
       4
       8
       6
       6
       5
      11
       5
       1
       0
       0
       0
       0
       0
       0
       0
       0
       0
       0
       0
       0
       0
       0
       0
       0
       0
       0
       0
       0
       0
       0
       0
       0
       0
       0
       0
       0
       0
       0
       0
       0
       0
       0
       0
       0
       0
       0
       0
       0
       0
       0
       0
       0
       0
       0
       0
       0
       0
       0
       0
       0
       0
       0
       0
       0
       0
       0
       0
       0
       0
       0
       0
       0
       0
       0
       0
       0
       0
       0
       0
       0
       0
       0
       0
       0
       0
       0
       0
       0
       0
       0
       0
       0
       0
       0
       0
       0
       0
       0
       0
       0
       0
       0
       0
       0
       0
       0
       0
       0
       0
       0
       0
       0
       0
       0
       0
       0
       0
       0
       0
       0
       0
       0
       0
       0
       0
       0
       0
       0
       0
       0
       0
       0
       0
       0
       0
       0
       0
       0
       0
       0
       0
       0
       0
       0
       0
       0
       0
       0
       0
       0
       0
       0
       0
       0
       0
       0
       0
       0
       0
       0
       0
       0
       0
       0
       0
       0
       0
       0
       0
       0
       0
       0
       0
       0
       0
       0
       0
       0
       0
       0
       0
       0
       0
       0
       0
       0
       0
       0
       0
       0
       0
       0
       0
       0
       0
       0
       0
       0
       0
       0
       0
       0
       0
       0
       0
       0
       0
       0
       0
       0
$SPEC_ID:
emma
$SPEC_REM:
DET# 3
DETDESC# NDW2202 Easy-MCA-8k SN 09082199
AP# Maestro Version 7.01
$DATE_MEA:
05/07/21 13:56:47
$ROI:
48
154 171
180 235
330 336
747 828
893 898
900 914
1018 1030
1103 1104
1117 1132
1138 1141
1145 1145
1151 1158
1160 1169
1191 1206
1213 1221
1303 1353
1370 1417
1506 1532
1538 1578
1677 1700
1771 1863
1900 1929
2112 2141
2192 2244
2258 2275
2298 2327
2401 2415
2486 2498
2837 2866
3040 3056
3185 3234
3459 3511
3621 3664
3673 3687
3700 3706
3720 3770
3978 4001
4041 4064
4334 4404
4713 4739
4930 4975
5321 5337
5344 5362
5751 5790
6103 6152
6813 6869
7114 7167
7500 7544
$PRESETS:
Real Time
300
0
$ENER_FIT
0.342176 0.365793
$MCA_CAL:
3
0.3421756 0.3657934 -2.38686e-09
$MCA_CAL_UNIT:
keV
$SHAPE_CAL:
3
1.951728 3.121839e-05 2.058065e-07
