$SPEC_ID:
emma
$SPEC_REM:
DET# 3
DETDESC# NDW2202 Easy-MCA-8k SN 09082199
AP# Maestro Version 7.01
$DATE_MEA:
05/06/21 16:19:11
$MEAS_TIM:
72636.0 72648.0
$DATA:
0 8191
       0
       0
       0
       0
       0
       0
       0
       0
       0
       0
       0
       0
       0
       0
       0
       0
       0
       0
       0
       0
       0
       0
       0
       0
       0
       0
       0
       0
       0
       0
       0
       0
       0
       0
       0
       0
       0
       0
       0
       0
       0
       0
       0
       0
       0
       0
       0
       0
       0
       0
       0
       0
       0
       0
       0
       0
       0
       0
       0
       0
       0
       0
       0
       0
       0
       0
       0
       0
       0
       0
       0
       0
       0
       0
       0
       0
       2
       9
     101
     156
     138
     143
     142
     154
     160
     158
     132
     143
     145
     136
     150
     151
     145
     126
     147
     138
     137
     140
     147
     141
     130
     133
     120
     143
     131
     134
     132
     135
     125
     137
     117
     117
     148
     112
     124
     129
     105
     141
     127
     139
     109
     131
     116
     127
     100
     161
     242
     196
     130
     119
     114
     108
     111
     117
     128
     103
     135
     117
      92
     113
     111
     108
     123
     129
     132
     139
     124
     125
     131
     121
     114
     124
     121
     117
     113
      99
     127
     130
     113
     119
     116
     124
     106
     137
     120
     129
     117
     123
     118
     123
     135
     215
     296
     188
     120
     124
     113
     108
     139
     182
     171
     222
     175
     125
      90
     102
     118
     121
     137
     103
     142
     133
     111
     139
     125
     130
     147
     137
     152
     160
     135
     154
     130
     155
     208
     134
     108
     140
     142
     158
     176
     155
     128
     119
     107
     127
     119
     120
     136
     111
     131
     133
     125
     149
     123
     114
     133
     118
     148
     166
     173
     162
     170
     134
     114
     130
     144
     164
     147
     158
     116
     119
     115
     112
     121
     143
     127
     124
     128
     127
     152
     264
     382
     351
     178
     139
     122
     126
     152
     136
     128
     139
     103
     120
     117
     119
     148
     115
     135
     142
     123
     135
     148
     130
     129
     135
     141
     127
     115
     131
     130
     128
     118
     126
     117
     129
     124
     107
     119
     139
     134
     120
     121
     130
     134
     138
     133
     134
     135
     126
     128
     134
     130
     142
     142
     136
     142
     147
     135
     129
     150
     132
     130
     126
     127
     144
     141
     110
     138
     150
     120
     152
     137
     142
     145
     135
     144
     141
     125
     144
     121
     119
     133
     142
     142
     127
     157
     118
     127
     150
     142
     125
     129
     134
     142
     122
     141
     150
     133
     124
     119
     158
     155
     149
     132
     128
     117
     116
     156
     159
     128
     136
     142
     130
     145
     168
     157
     150
     126
     141
     133
     133
     124
     124
     137
     134
     136
     150
     144
     131
     148
     232
     203
     145
     135
     146
     142
     134
     126
     135
     141
     181
     172
     150
     142
     129
     156
     134
     125
     134
     151
     142
     147
     160
     147
     136
     143
     142
     112
     131
     138
     166
     164
     139
     151
     137
     116
     128
     153
     143
     131
     144
     149
     114
     160
     135
     138
     133
     151
     137
     154
     149
     143
     162
     157
     180
     155
     145
     130
     131
     123
     146
     149
     167
     154
     152
     168
     128
     136
     128
     141
     119
     162
     146
     147
     133
     165
     126
     133
     146
     135
     142
     134
     141
     128
     155
     128
     134
     147
     129
     139
     134
     140
     132
     129
     136
     124
     144
     166
     142
     149
     127
     140
     145
     126
     156
     128
     134
     129
     129
     146
     156
     128
     136
     122
     142
     133
     135
     152
     143
     153
     125
     139
     126
     151
     166
     266
     301
     235
     159
     141
     150
     156
     155
     111
     142
     134
     135
     128
     127
     122
     133
     120
     131
     139
     128
     115
     136
     119
     148
     117
     126
     133
     145
     144
     110
     117
     131
     130
     129
     144
     203
     198
     182
     128
     137
     118
     141
     145
     132
     136
     118
     119
     138
     129
     122
     107
     138
     141
     109
     128
     152
     122
     110
     142
     127
      97
     116
      94
     147
     136
     132
     129
     131
     133
     134
     138
     125
     110
     107
     123
     142
     108
     124
     110
     125
     115
     114
     131
     120
     119
     111
     102
     104
     123
     112
     108
     108
     113
     114
     124
     116
      97
     121
     111
     135
     120
      99
     128
     101
     122
     121
     117
     135
     115
     111
     128
     111
      96
     124
     128
     110
     108
     109
     117
     113
      99
     126
      98
     114
     101
     115
     120
     113
     102
     107
      96
     105
     122
     120
     112
     110
     125
     105
     117
     103
     110
     111
     110
     112
     152
     193
     188
     169
     130
     107
     117
     116
     123
     107
     104
     122
     128
     116
     109
     112
     110
     113
      94
     102
     122
      99
     109
      99
     116
     101
     103
      96
     107
     104
     122
     115
     105
     106
     100
     111
      95
      96
     112
     113
     140
     109
     130
      97
      97
      96
      92
     102
     122
      84
     105
      83
     103
     110
      81
     109
     116
     114
     113
      88
      91
      99
     100
     104
     107
     104
     101
      95
     100
      91
      92
      85
      84
     100
      74
     108
      95
      79
     115
      99
     103
      89
      97
      99
     113
      98
     113
      92
     100
     109
     101
      90
     103
      96
      93
      92
      90
      93
      96
     103
      78
      91
      91
      92
      86
      91
      94
      87
     103
      99
     133
     105
      89
     100
      88
      83
      83
     106
      92
      91
      88
      97
      92
     100
     111
      95
      89
      98
     104
      85
      82
     101
      81
     103
      85
      84
      90
      93
      90
      79
     110
      89
      72
      83
      95
      75
      90
      87
      81
      83
      82
      86
      87
      79
      75
     103
     110
     123
      82
      81
      73
      61
      77
      80
      95
      76
      89
      81
      88
      90
      99
      78
      93
      87
      78
      73
      75
      90
      87
      91
      79
      80
      85
      97
      96
      77
      83
      89
      81
      88
      76
      81
      80
      87
      91
      96
      81
      91
      97
      81
      86
      78
      79
      91
      80
      88
      68
      75
      87
      82
      73
      92
      70
      92
      85
      78
      85
      77
      94
      69
      74
      86
      87
      81
      74
      86
      81
      88
      62
      78
      87
      65
      75
      81
      83
      89
      79
      94
      66
      72
      77
      92
      76
      81
      77
      94
      85
      73
      89
      69
      72
      70
      91
      93
      75
      67
      84
      74
      75
      77
      87
      89
      84
      73
      79
      77
      65
      67
      80
      72
      69
      70
      79
      70
      94
      77
      71
      70
      69
      61
      58
      53
      77
      63
      77
      79
      57
      80
      80
      87
      86
      60
      74
      68
      67
      70
      74
      71
      83
      70
      69
      67
      55
      73
      69
      70
      63
      55
      72
      63
      89
     113
     103
      95
      71
      71
      64
      68
      60
      59
      74
      73
      51
      83
      81
      72
      63
      72
      69
      64
      64
      56
      72
      67
      65
      60
      69
      60
      68
      43
      71
      54
      63
      55
      66
      57
      58
      60
      64
      60
      58
      70
      57
      52
      76
      48
      67
      67
      58
      54
      70
      70
      68
      65
      45
      58
      69
      54
      47
      56
      56
      67
      61
      71
      59
      48
      58
      67
      63
      49
      65
      55
      76
      60
      67
      61
      56
      63
      56
      49
      55
      54
      55
      58
      50
      55
      55
      51
      52
      65
      67
      63
      55
      59
      61
      56
      59
      55
      50
      66
      49
      63
      52
      47
      64
      69
      63
      50
      56
      59
      57
      49
      49
      54
      50
      59
      52
      65
      66
      54
      42
      73
      48
      60
      43
      57
      48
      47
      62
      47
      46
      48
      57
      58
      55
      55
      46
      50
      59
      39
      57
      62
      44
      40
      49
      55
      60
      56
      46
      49
      48
      59
      44
      42
      46
      56
      60
      51
      52
      56
      60
      50
      56
      58
      46
      60
      72
      59
      66
      63
      38
      52
      54
      51
      48
      54
      39
      52
      54
      54
      57
      53
      44
      57
      44
      45
      35
      57
      50
      58
      38
      49
      42
      45
      49
      51
      48
      47
      35
      56
      42
      39
      52
      49
      47
      50
      50
      41
      49
      48
      52
      49
      40
      49
      50
      48
      53
      52
      49
      41
      41
      36
      42
      48
      48
      43
      33
      61
      37
      34
      46
      53
      45
      44
      38
      49
      49
      36
      53
      42
      51
      46
      45
      45
      39
      65
      41
      45
      47
      40
      48
      52
      52
      42
      48
      36
      41
      43
      48
      38
      45
      50
      47
      52
      67
      47
      41
      50
      36
      41
      33
      40
      44
      48
      53
      45
      46
      44
      39
      42
      53
      46
      49
      44
      44
      53
      46
      30
      42
      54
      47
      43
      54
      50
      44
      44
      35
      37
      37
      40
      43
      27
      51
      39
      37
      43
      39
      33
      31
      48
      47
      58
      42
      42
      33
      38
      35
      37
      38
      41
      39
      53
      42
      33
      45
      55
      46
      36
      43
      39
      37
      44
      45
      42
      38
      34
      35
      39
      46
      34
      32
      53
      37
      31
      39
      29
      33
      32
      36
      34
      37
      35
      48
      46
      37
      36
      45
      31
      33
      46
      47
      45
      28
      39
      36
      46
      41
      39
      28
      48
      35
      33
      30
      33
      36
      33
      43
      39
      46
      45
      34
      33
      38
      30
      43
      42
      44
      39
      44
      44
      34
      37
      42
      37
      44
      31
      36
      34
      38
      42
      47
      40
      42
      33
      45
      50
      47
      38
      37
      40
      39
      49
      30
      49
      42
      43
      38
      38
      40
      38
      45
      34
      34
      36
      48
      45
      47
      60
      61
      74
     101
     146
     205
     266
     422
     454
     458
     468
     418
     338
     219
     167
     110
      81
      59
      49
      61
      46
      37
      37
      48
      54
      64
      69
      46
      39
      47
      41
      33
      33
      38
      31
      29
      44
      34
      26
      37
      27
      30
      41
      48
      38
      33
      34
      34
      35
      24
      36
      41
      30
      33
      47
      29
      28
      31
      32
      43
      36
      36
      40
      40
      35
      39
      31
      33
      25
      32
      28
      33
      28
      35
      31
      35
      31
      21
      28
      31
      35
      37
      43
      28
      35
      38
      36
      22
      33
      34
      38
      26
      34
      33
      28
      29
      25
      21
      25
      28
      33
      45
      32
      27
      30
      19
      26
      40
      32
      29
      27
      38
      30
      25
      35
      29
      33
      24
      26
      28
      25
      30
      31
      27
      30
      31
      30
      29
      35
      30
      29
      26
      31
      33
      26
      25
      22
      25
      35
      26
      29
      28
      30
      24
      25
      30
      34
      19
      32
      37
      34
      35
      40
      58
     102
     108
      80
      49
      35
      22
      27
      35
      33
      38
      44
      36
      46
      29
      43
      49
      44
      47
      42
      24
      32
      28
      30
      38
      22
      26
      34
      44
      28
      28
      29
      30
      31
      16
      25
      30
      44
      29
      24
      26
      25
      31
      33
      38
      32
      31
      28
      28
      28
      32
      40
      47
      58
      60
      51
      47
      43
      28
      26
      16
      37
      32
      26
      21
      26
      16
      27
      39
      25
      16
      37
      21
      25
      33
      28
      20
      32
      26
      20
      27
      30
      23
      24
      34
      27
      23
      51
      53
      51
      46
      34
      34
      43
      37
      42
      39
      33
      37
      39
      40
      31
      34
      35
      33
      37
      39
      48
      38
      31
      29
      31
      35
      29
      33
      42
      31
      33
      35
      31
      32
      30
      41
      57
      67
      60
      57
      40
      30
      22
      41
      40
      28
      36
      35
      36
      33
      30
      33
      29
      29
      36
      29
      27
      25
      26
      26
      34
      26
      34
      31
      26
      24
      27
      29
      19
      25
      28
      29
      26
      40
      28
      30
      23
      39
      28
      18
      27
      39
      23
      31
      20
      21
      23
      26
      24
      19
      28
      22
      29
      27
      26
      28
      30
      34
      23
      26
      30
      29
      23
      32
      32
      26
      30
      26
      25
      23
      29
      27
      28
      21
      31
      31
      28
      30
      22
      23
      27
      27
      35
      31
      31
      21
      18
      26
      27
      31
      22
      23
      23
      21
      25
      24
      23
      31
      24
      20
      22
      32
      14
      31
      23
      14
      21
      20
      18
      16
      26
      15
      25
      28
      20
      29
      29
      23
      15
      27
      35
      18
      24
      28
      24
      32
      15
      33
      31
      26
      33
      41
      24
      30
      20
      26
      25
      19
      19
      26
      31
      30
      27
      23
      28
      24
      25
      22
      29
      19
      26
      19
      26
      27
      27
      23
      29
      20
      24
      27
      28
      26
      19
      24
      24
      30
      21
      28
      20
      26
      23
      17
      39
      16
      28
      24
      21
      23
      17
      19
      26
      21
      20
      35
      17
      17
      19
      18
      21
      23
      23
      25
      25
      19
      21
      19
      24
      12
      27
      27
      15
      17
      27
      26
      23
      23
      27
      29
      28
      16
      28
      29
      33
      23
      31
      26
      27
      22
      23
      25
      25
      24
      22
      27
      26
      24
      30
      38
      25
      29
      21
      31
      29
      20
      33
      27
      28
      29
      27
      30
      26
      33
      24
      23
      31
      35
      24
      24
      28
      34
      26
      28
      20
      34
      37
      32
      35
      24
      20
      26
      39
      28
      23
      16
      26
      21
      24
      31
      27
      24
      34
      19
      30
      16
      25
      26
      23
      19
      26
      24
      19
      25
      24
      27
      13
      30
      38
      23
      20
      26
      23
      17
      19
      22
      22
      19
      28
      27
      15
      18
      21
      30
      24
      25
      32
      21
      19
      18
      23
      23
      16
      26
      18
      27
      15
      21
      24
      28
      24
      23
      26
      25
      36
      28
      21
      29
      20
      24
      18
      22
      25
      28
      16
      20
      22
      21
      28
      20
      21
      28
      21
      18
      20
      19
      25
      23
      14
      27
      19
      14
      23
      21
      14
      18
      24
      23
      26
      18
      28
      22
      13
      22
      24
      18
      22
      28
      19
      22
      20
      19
      16
      20
      17
      17
      22
      19
      19
      15
      12
      16
      19
      22
      24
      28
      26
      15
      19
      28
      26
      24
      21
      25
      19
      24
      16
      22
      20
      18
      21
      19
      22
      20
      23
      26
      16
      20
      15
      18
      23
      36
      30
      24
      17
      18
      19
      20
      17
      21
      30
      15
      19
      25
      22
      15
      15
      24
      20
      27
      17
      15
      21
      23
      32
      10
      19
      21
      18
      23
      19
      16
      20
      24
      27
      23
      17
      17
      21
      20
      17
      24
      20
      22
      22
      23
      23
      26
      11
      16
      23
      21
      15
      25
      11
      28
      13
      15
      18
      23
      17
      24
      19
      23
      18
      23
      23
      14
      20
      21
      22
      33
      22
      30
      31
      26
      27
      29
      43
      21
      32
      23
      22
      18
      19
      25
      10
      14
      20
      12
      22
      18
      23
      22
      23
      19
      24
      24
      24
      21
      21
      16
      26
      23
      11
      15
      18
      17
      20
      26
      21
      15
      17
      21
      16
      16
      15
      15
      24
      43
      38
      20
      22
      24
      10
      18
      24
      22
      15
      20
       9
      10
      13
      35
      17
      23
      17
      20
      22
      24
      14
      20
      21
      18
      16
      15
      20
      20
      25
      21
      14
      26
      11
      35
      23
      18
      12
      20
      12
      19
      18
      20
      17
      27
      27
      26
      27
      17
      29
      24
      17
      16
      14
      17
      19
      27
      16
      16
      16
      26
      22
      21
      16
      26
      12
      16
      27
      17
      21
      15
      11
      16
      24
      17
      17
      18
      20
      16
      15
      16
      21
      14
      19
      21
      11
      13
      20
      22
      19
      28
      20
      18
      22
      21
      20
      26
      19
      19
      18
      21
      24
      26
      28
      30
      16
      12
      29
      23
      22
      26
      15
      18
      19
      23
      22
      20
      27
      19
      14
      17
      20
      18
      26
      15
      16
      21
      17
      16
      14
      16
      21
      18
      23
      24
      13
      14
      14
      19
      12
      21
      18
      21
      25
      18
      15
      22
      20
      20
      22
      23
      16
      24
      21
      15
      22
      18
      21
      22
      12
       9
      23
      17
      18
      21
      17
      16
      24
      19
      19
      16
      18
      17
      15
      26
      21
      22
      35
      34
      20
      20
      20
      24
      15
      12
      19
      14
      15
      17
      19
      13
      17
      25
      10
      17
      14
      21
      16
      15
      15
      15
      19
      23
      11
      18
      11
      21
      18
      16
      21
      16
      33
      20
      20
      23
      21
      17
      19
      18
      15
      17
      18
      14
      13
      12
      23
      16
      20
      20
      23
      16
      20
      23
      12
      19
      13
      14
      18
      17
      23
      14
      31
      20
      17
      16
      17
      24
      12
      18
      15
      19
      21
      19
      14
      19
      15
      17
      22
      22
      20
      25
      19
      23
      18
      21
      20
      16
      20
      14
      19
      17
      19
      21
      10
      18
      11
      23
      21
      18
      17
      17
      23
      10
      18
      14
      16
      25
      17
      16
      10
      19
      25
      15
      21
      20
      24
      30
      20
      26
      22
      21
      20
      14
      21
      12
      13
      17
      21
      24
      24
      16
      16
      15
      28
      12
      16
      12
      19
      13
      21
      20
      14
      17
      27
      17
      16
      22
      17
      20
      15
      24
       8
      18
      17
      16
      16
      13
      20
      17
      12
      16
      19
      15
      16
      19
      18
      14
      22
      20
      14
      18
      18
      12
      19
      14
      13
      18
      20
      15
      20
      19
      15
      16
      19
      17
      15
      22
      16
      21
      22
      20
      15
      18
       6
      19
      14
      19
      14
      16
      17
      14
      15
      16
      17
      14
      17
       7
      26
      17
      14
      11
      15
      16
      17
      16
      11
      19
      17
      11
      17
      14
      23
      14
      13
      11
      14
      14
      13
      18
      14
      26
      18
      18
      14
      10
      16
      11
      23
      10
      14
      19
      17
      19
      13
      12
      13
      11
      14
      16
      17
      12
      15
      27
      19
      17
      20
      27
      22
      23
      23
      22
      19
      13
      14
      10
      11
      14
      16
      14
      18
      18
      23
      20
      25
      29
      29
      24
      15
      20
      13
      12
      22
      12
      14
       8
       9
      16
      14
      20
      16
      15
      18
      13
       9
      15
      16
      23
      20
      26
      14
      15
      16
      10
      13
      15
      11
      13
      20
      15
      20
      22
      17
       9
      21
      16
      16
      23
      15
      21
      14
      15
      16
      23
      23
      17
      18
      18
      23
      17
      13
      14
      20
      13
      16
      13
      16
      15
      10
       8
      16
      15
      15
      17
      14
      15
      16
      19
      19
      14
      11
      18
      17
      12
      19
      15
      14
       8
      13
      13
      22
      24
      17
      27
      25
      25
      17
      29
      20
      15
      10
      20
      18
      14
      17
      18
       9
      11
      18
      18
      17
      21
      14
      12
      17
      22
      11
      18
      13
      11
      18
      14
      16
      20
      21
      13
      14
      18
      18
      21
      16
      18
      14
      15
      14
      12
      16
      14
      17
      11
      24
      16
      23
      18
      14
      15
      13
      21
      17
      12
      24
      16
      11
      15
      21
      14
      23
      19
      10
      17
      10
       9
      21
      11
      18
      20
       9
      11
      14
      14
      22
      21
      16
      17
      11
      16
      19
      18
      15
      10
      11
      17
      10
      13
      14
      13
      20
      16
      16
      14
      15
      11
      15
      18
      14
      26
      21
      17
      17
      14
      11
      18
      18
      14
      20
      16
      17
      15
      23
       7
      19
      17
      17
      17
      17
      20
      12
      14
      24
       6
      10
      11
      12
      10
      19
      13
      17
      19
      15
      12
      20
      23
      17
      20
      17
       7
      17
      20
      15
      10
      15
      13
      16
      16
      15
       6
      13
      19
      19
      13
      15
      16
      15
      14
      15
      17
      19
      14
      15
      13
      12
      17
      19
      20
      22
      16
       9
      13
      13
      11
      14
      12
      18
      18
      11
      11
      15
      20
      26
      10
      23
      10
      12
      12
      16
      19
       7
       4
       9
      12
      14
      12
      11
      17
      15
      18
      15
      12
      16
      17
      16
      10
      12
      15
       8
      18
      16
      13
      13
      19
      13
       8
      11
      11
      10
      14
       8
      14
      10
      12
      11
      13
      15
      13
      18
       8
      10
      13
       8
      13
      19
       7
      15
      13
      17
      10
      10
      12
      17
      19
      10
      16
      21
      14
      12
      12
      15
       9
      13
      21
      25
      17
      12
      11
      15
      14
      10
       8
      10
      18
      15
      15
       6
       9
      19
       7
      15
      12
      14
      14
      17
      13
      14
      14
      21
      13
       7
      15
      13
      17
      11
      17
      11
      15
      10
       9
      14
      14
      12
      10
      17
       9
      14
      11
      13
       7
      12
      14
      15
      12
      15
      15
      14
      15
       7
      18
      17
      11
      14
      12
      14
      15
      10
      12
      14
       9
      14
       7
      23
      13
      15
       9
      18
      13
       9
      18
      19
      12
       7
      11
      14
      11
      16
      15
      13
      14
       8
       7
      12
      16
      11
      14
      18
      13
      12
      11
      13
      14
      16
       6
      11
      11
       6
      11
      12
      16
      12
       9
       8
      13
      12
      13
      12
      11
      11
      10
      12
      11
       9
      19
      17
       8
      11
      11
      10
      12
      10
      19
      13
       6
       3
      10
      12
       5
      11
       7
      18
      10
       9
       9
      15
      15
      11
       5
       8
      16
       6
      16
       7
      11
      16
       8
       8
      18
      10
      12
       9
       9
      11
       9
       9
      12
      10
      16
      12
      12
       5
      10
      18
      14
       8
      16
      10
       9
      14
       8
      11
       5
      17
       7
      15
      10
      18
       7
      11
      16
      11
      14
      20
      23
      15
      28
      24
      28
      15
       8
       7
      11
      13
       9
       9
       8
       5
       7
       9
      17
      10
      13
      16
      24
      14
      25
      37
      47
      31
      28
      23
      18
      12
      10
      12
      11
       8
      10
      10
      13
       6
      13
      10
       6
      16
      13
      16
       8
      16
      19
       6
      10
      13
      17
      11
      11
      10
      10
      12
      13
       7
      10
      10
      10
       9
       8
       6
      12
       8
       7
      11
      10
      10
      11
      15
       2
      16
      12
       8
      12
      12
       7
       5
      13
       7
      12
      11
      12
      11
       6
       4
       8
       8
      13
       9
       7
      10
       4
      12
       9
       9
      14
       6
      14
       7
       8
      13
      11
      10
       6
      12
      11
       8
      12
      14
      10
      10
      13
      12
       7
      15
       9
       5
      13
      11
       8
      11
       9
       6
       8
      10
      11
      12
      12
       9
      14
      17
       8
      10
      10
       8
       8
      10
       6
      10
       6
       3
      10
      14
       7
      13
      10
       7
      13
      12
       9
      13
      15
       8
      10
       7
       6
       7
       7
       8
      14
       9
       9
      10
       7
      15
       5
      10
       9
       8
      10
       5
       5
       7
       9
       8
       6
      10
       9
       8
       8
       5
       6
      10
       7
       8
      18
       4
      10
      10
       3
      11
       7
       9
       6
      13
       8
      15
       8
      14
      10
      15
      11
      13
       7
      14
       7
       7
       6
      10
      10
       8
       5
       5
       7
      10
       4
       6
      10
      11
       9
      13
      10
      13
      12
       8
       7
       8
      13
       8
      10
      13
      14
       9
       3
      14
      12
       7
       7
      14
      11
      14
       8
       6
       8
       4
       8
      14
       7
       9
      10
      11
       9
      11
       4
       5
       7
       7
       6
       5
       7
      12
      13
       6
      11
       7
       9
       5
      10
       7
       4
       6
      10
       6
       8
       7
       9
       6
       7
       8
       7
       6
       7
       9
       7
      12
       8
      12
      13
       9
       7
      10
       7
       9
       9
      13
      11
      25
      30
      30
      41
      34
      21
      13
      13
       4
       5
       5
       9
       7
       7
       6
      12
      12
       6
       7
       9
       5
      12
      11
      14
       3
       7
      16
      10
      11
       8
       5
       8
       9
       7
      11
       4
       5
      10
      13
       5
       8
      16
      12
       7
      11
       7
       7
       8
      12
      17
      40
      76
     126
     186
     240
     219
     175
     100
      36
      17
      17
      11
      11
      11
       7
      10
      17
       9
      11
       9
       8
       8
       9
       7
       9
       5
       5
       4
       9
       3
       6
       7
       9
       9
       9
       9
       5
       5
       7
       8
       7
      10
       7
       5
      11
       4
      14
       9
       5
       4
       7
       3
       9
       9
       8
       6
       4
       6
       4
       8
       6
       3
       9
       5
       6
       8
       6
       5
       8
       9
      10
      14
       4
       7
       7
      11
       8
       9
       7
       7
       8
      11
       4
       8
       6
       7
      10
       9
       7
       9
       9
      14
       9
       8
       9
       7
       7
      11
      10
      14
       6
       6
       6
      10
       7
      13
      10
      15
      21
      43
      50
      48
      44
      30
      18
       9
      11
       6
       5
       4
       2
       8
      10
       6
      11
       5
       7
       7
       6
       6
      11
       9
       5
      10
       6
       8
      10
       2
       5
       4
      10
       5
       4
       6
       8
       9
       4
       7
       8
      14
       3
       6
       8
       5
       5
       4
       9
       6
       7
       5
       2
       5
       7
       6
       5
       5
       8
       7
       5
       4
       5
       4
       8
       9
       9
       3
       5
       3
       8
       3
       3
       8
       6
       8
       4
       5
       9
       8
       3
       6
       0
       8
       6
       3
       7
       9
       3
       6
       8
       6
       7
       9
       9
       4
       9
       5
       5
       7
       9
       9
       9
       4
       5
      13
       6
       1
       3
       7
       4
       3
       6
       4
       7
       2
       6
       7
       9
       6
       6
       6
      11
       6
       8
       7
       5
       7
       6
       4
       9
      12
       6
       7
       9
       7
       4
       8
       7
       9
       5
       6
       9
       3
      10
       7
       1
       8
      11
       8
      10
       9
       7
       6
       7
       8
       4
       7
       2
       7
       3
       4
       8
       6
       5
       4
       6
       5
       6
       9
       2
       4
       5
       7
       2
       8
       7
      10
       3
       8
       8
       6
       4
       8
       4
       4
       6
       4
       4
       5
      11
       5
       3
       6
       7
       6
       6
       6
       5
       7
      12
       5
       6
       8
       4
       9
       7
       4
      10
       8
      11
       7
       6
       4
       4
       6
       2
       8
       3
       7
       7
       6
       2
       6
       4
       5
       3
       6
       5
       7
       3
       6
       8
       7
       4
       8
      10
      10
       7
       3
       5
       3
       6
       7
       4
       5
       5
       4
      10
       5
       7
       7
       6
       4
       6
       6
      11
       6
       8
       4
       6
       4
       5
       6
       7
       5
       4
       6
       5
       6
       4
       9
       4
       3
       4
      10
      12
       2
       9
       6
       4
       9
       5
       6
       7
       4
       5
       9
       9
       5
       7
       5
       6
       7
       8
       4
       9
       7
       6
       4
       5
       4
       4
       5
       5
       4
      13
       6
       5
       6
       6
      13
       6
      11
       6
       5
       4
       7
       6
       6
       6
       9
      10
       4
      10
       4
       3
      12
       4
       4
       7
       5
       6
       6
       6
      14
       5
       5
       5
       8
      10
       5
       6
       3
       7
       9
       8
       5
       4
      14
      15
      20
      31
      31
      39
      26
      24
      18
      12
       5
       8
       8
       8
       8
      10
       4
       4
      14
       8
       9
       3
       7
       5
       5
       6
       6
       4
       5
       7
       9
       7
       7
       7
       8
       9
       4
       7
       6
       7
       3
       7
       9
       5
       5
       7
       4
       1
       7
       6
       8
       8
       8
       5
       7
       7
       3
       3
       5
      10
       2
       5
       2
       4
       9
      13
       8
       5
       3
      10
       5
       6
       7
       6
       4
       6
       9
       7
       5
       3
       5
       7
       3
       4
       3
       4
       9
       4
       8
       5
       6
       7
       2
       6
       4
       3
       5
       7
       3
       7
       6
       8
       7
       3
       6
       5
       8
       6
       6
       4
       6
       4
       7
       5
       4
       3
       0
       5
       9
       5
       9
       8
       1
       2
       6
       4
       7
       7
       4
       2
       3
       5
       6
       7
       5
       6
       7
       8
       9
       5
       6
       8
       4
       4
      10
       2
       4
       5
       6
       9
       4
      10
       7
       7
       7
      10
       5
       6
       4
       7
      10
       6
      11
       6
       5
       5
       5
      10
       8
       3
       3
       3
       5
       5
       9
       6
       7
       5
       8
       2
       0
       4
       6
       5
      10
       3
      10
       2
       6
       3
       5
       3
       9
       6
      11
       8
       7
       7
      10
       4
       9
       6
       2
       2
       5
       8
       3
       4
      12
       4
       6
       5
       4
       1
       6
       3
       6
       6
       2
       6
       4
       2
       7
       6
       4
       5
       8
       8
       8
       9
       9
       3
       6
       4
       3
       3
       3
       6
       7
       5
       3
       5
       5
       3
       4
       5
       3
       2
       6
       5
       5
       2
      11
       4
       5
       9
       7
       2
       6
       4
       6
      12
       5
       8
       6
       5
       3
       5
      10
       1
       4
       6
       2
       4
       7
       2
       3
       7
       2
       4
       5
       6
       3
       3
       3
       6
       5
       8
       9
       5
       2
       4
       4
       6
       7
       3
       7
       2
       7
       4
       2
       6
       6
       4
       8
       6
       3
       5
       5
       6
       4
       7
       3
       9
       4
       6
       5
       4
       5
       5
       2
       4
       2
       4
       4
       2
       2
       5
       7
      11
       1
       5
       4
      10
       7
       4
       6
       8
       5
       6
       5
       5
       5
       7
       2
       7
       8
       5
       9
       4
       7
       6
       5
       6
       3
       8
       5
       7
       7
      11
       5
       6
       2
       8
      12
       5
       3
       8
       6
       9
       2
       2
       7
       9
      10
       9
       5
       2
       3
       4
       7
       4
       9
       5
       8
       9
       9
       1
       8
       5
       3
       4
       5
       3
       3
      10
       3
       3
       5
       1
       6
       7
       5
       7
       2
       3
       1
       7
       7
       4
       5
       7
       5
       4
       2
       4
       3
       3
       5
       5
       7
       5
       7
       2
       2
       3
       6
       5
       6
       6
       4
       7
       4
       3
       4
       7
       0
       4
       6
       3
       7
       6
      11
       3
       3
       5
       7
       4
       2
       2
       5
       4
       1
       4
       5
       5
       9
       5
       5
       8
       3
       3
       7
       3
       0
       3
       4
       8
       7
       6
       5
       4
       2
       4
       3
      11
       5
       5
       4
       7
       6
       5
       7
       5
       5
       5
       1
       3
       6
       4
       5
       5
       8
       5
       9
       6
       1
       4
       3
       4
       7
       8
       5
       4
       5
       3
       4
       2
       4
       5
       2
       6
       2
       4
       4
       3
       1
       3
       5
       2
       7
       6
       3
       3
       5
       6
       6
       5
       4
       3
       5
       4
       1
       4
       4
       4
      10
       2
       6
       1
       4
       8
       6
       4
       4
       2
       4
       6
       7
       5
       2
       4
      12
       3
       4
       5
       5
       7
       7
       4
       7
       6
       1
       9
       4
       7
       5
       5
       7
       2
       8
       6
       3
       5
       7
       7
       4
       4
       2
       9
       4
       4
       3
       5
       4
       5
       5
       7
       3
       1
       7
       5
       2
       6
       4
       2
       4
       7
       7
       2
      11
       7
       4
       9
       2
       6
       7
       7
       3
       3
       5
       6
       7
       4
       5
       5
       8
       7
       5
       3
       2
       3
       8
       3
       3
       2
       5
       5
       6
       6
       7
       2
       9
       8
       4
       7
       7
       8
       4
       3
       3
       3
       6
       6
       5
       5
       3
       4
       6
       2
       5
       8
       8
       5
       9
       0
       2
       2
       3
       8
       2
       6
       1
       4
       4
       8
       9
       6
       8
       5
       7
       3
       4
       6
       7
       2
       7
       6
       3
       3
       1
       3
       1
       1
       3
       2
       2
       3
       7
       5
       7
       5
       5
       4
       5
       5
       4
       3
       4
       4
       5
       4
       5
       4
       3
       5
       1
       4
       0
       8
       5
       3
       1
       2
       7
       2
       2
       3
       6
       2
       3
       1
       3
       5
       5
       4
       8
       4
       6
       4
       5
       3
       7
       3
       3
       8
       4
       4
       8
       4
       6
       7
       5
       7
       6
       9
       4
       1
       9
       4
       4
       7
       7
       3
       4
       9
      10
       6
       5
      11
       6
       6
       2
       6
       0
       4
       5
       3
       3
       6
       4
      11
       6
       2
       7
       9
       5
       4
       4
       4
       4
       6
       3
       2
       3
       3
       6
       4
       4
       2
       8
       6
       4
       4
       3
       5
       6
       2
       5
       3
       4
       3
       4
       1
       6
       3
       4
       3
       5
       4
       2
       7
       1
       9
       2
       7
       3
       4
       5
       5
       4
       2
       3
       5
       2
       3
       3
       6
       9
       7
       9
       7
       8
      11
      13
      17
      16
      10
       6
       5
       5
       4
       5
       5
       2
       3
       5
       5
       3
       6
       1
       2
       8
       3
       4
       5
       3
       5
       2
       3
       6
       5
       5
       2
       5
       7
       5
       2
       3
       4
       2
       6
       8
      11
       6
       5
       2
       1
       2
       2
       3
       5
       1
       6
       4
       6
       6
       1
       8
       3
       4
       4
       4
       4
       6
       4
       9
       4
       4
       7
       1
       6
       1
       2
       8
       2
       2
       4
       8
       3
       5
       4
       0
       4
       4
       3
       4
       4
       5
       2
       4
       2
       2
       5
       5
       2
       4
       4
       8
       2
       5
       6
       2
       7
       7
       6
       4
       7
       4
       3
       1
       2
       2
       6
       3
       3
       2
       4
       5
       2
       9
       1
       3
       4
       3
       3
       5
       2
       5
       5
      10
       2
       2
       3
       3
       4
       8
       2
       1
       4
       8
       4
       2
       3
       5
       3
       2
       2
       6
       7
       0
       2
       4
       3
       1
       1
       4
       8
       5
       2
       3
       0
       3
       1
       3
       6
       4
       6
       3
       2
       4
       0
       6
       2
       3
       3
       3
       7
       5
       5
       5
       2
       6
       3
       4
       2
       2
       2
       5
       6
       1
       5
       8
       5
       2
       7
       2
       1
       9
       1
       7
       4
       7
       5
       4
       4
       3
       0
       3
       1
       3
       1
       7
       5
       5
       2
       4
       0
       3
       4
       7
       2
       4
       1
       4
       2
       5
       4
       5
       4
       8
       2
       8
       2
       3
       9
       8
       4
       1
       2
       4
       4
       4
       9
       6
       7
       1
       6
       5
       6
       5
       5
       6
       4
       3
       4
       5
       4
       4
       5
       2
       6
       4
       5
       2
       4
       3
       6
       4
      10
       5
       6
       5
       4
       3
       5
       3
       3
       5
       4
       2
       4
       4
       7
       4
       4
       4
       1
       4
       1
       4
       2
       5
       6
       4
      11
       8
       3
       3
       2
       1
       6
       2
       4
       5
       4
       4
       6
       2
       4
       3
       3
       8
       2
       2
       1
       3
       3
       0
       3
       6
       6
       5
       1
       1
       6
       3
       3
       7
       5
       4
       5
       0
       4
       6
       8
       7
       3
       6
       7
       3
       0
       6
       4
       3
       3
       2
       2
       3
       4
       5
       2
       3
       2
       4
       3
       4
       3
       4
       3
       3
       0
       7
       4
       5
       4
       5
       3
       3
       3
       3
       1
       8
       6
       2
       1
       6
       4
       4
       3
       5
       3
       5
       0
       4
       4
       5
       4
       3
       3
       3
       3
       4
       5
       0
       4
       6
       4
       1
       6
       3
       3
       2
       4
       2
       2
       2
       3
       6
       2
       3
       3
       3
       7
       5
       8
       3
       1
       4
       3
       2
       5
       5
       2
       4
       1
       0
       2
       1
       2
       4
       2
       5
       5
       3
       5
       1
       3
       2
       3
       3
       4
       5
       6
       4
       3
       4
       3
       3
       5
       6
       6
       2
       6
       6
       5
       4
       6
       6
       1
       2
       6
       1
       2
       4
       2
       4
       7
       3
       5
       3
       6
       5
       1
       4
       0
       4
       3
       4
       2
       5
       6
       7
       3
      10
       6
       3
       5
       1
       2
       5
       3
       3
       1
       4
       4
       6
       3
       1
       4
       1
       5
       5
       4
       3
       0
       4
       8
       7
       3
       3
       2
       5
       8
       4
       7
      13
       3
       8
       6
       8
       6
       3
       1
       2
       6
       2
       4
       2
       3
       3
       1
       4
       3
       3
       6
       2
       6
       5
       3
       7
       2
       5
       4
       3
       5
       6
       3
       5
       3
       3
       4
       7
       5
       6
       3
       8
       7
       1
       2
       0
       3
       5
       5
       1
       4
       2
       2
       2
       4
       4
       5
       5
       5
       3
       5
       4
       3
       3
       3
       2
       2
       4
       3
       2
       5
       1
       2
       5
       3
       1
       5
       2
       5
       3
       0
       5
       4
       3
       5
       3
       1
       2
       4
       4
       5
       3
       5
       2
       1
       2
       2
       3
       2
       4
       1
       2
       4
       5
       4
       4
       4
       4
       3
       2
       4
       3
       7
       5
       3
       4
       7
       4
       6
       3
       1
       3
       3
       6
       5
       2
       6
       5
       3
       2
       2
       5
       4
       2
       3
       2
       3
       3
       3
       2
       0
       4
       3
       2
       4
       3
       6
       3
       0
       2
       3
       5
       2
       4
       3
       4
       5
       2
       3
       2
       2
       4
       2
       6
       3
       0
       7
       5
       2
       1
       3
       5
       3
       0
       2
       3
       0
       7
       2
       2
       4
       7
       6
       2
       6
       2
       4
       3
       5
       3
       1
       5
       2
       4
       6
       6
       3
       5
       1
       5
       3
       3
       2
       3
       3
       3
       4
       2
       6
       6
       7
       3
       3
       2
       9
       2
       2
       3
       2
       3
       4
       0
       5
       4
       0
       7
       4
       3
       4
       2
       3
       3
       3
       4
       3
       5
       4
       7
       1
       1
       3
       4
       7
       2
       2
       4
       1
       7
       2
       7
       2
       2
       2
       2
       1
       4
       5
       5
       1
       1
       3
       1
       2
       1
       4
       3
       3
       6
       7
       6
       5
       5
       1
       8
       3
       3
       2
       2
       4
       6
       5
       0
       1
       4
       3
       3
       6
       3
       2
       3
       2
       4
       4
       7
       3
       1
       4
       4
       3
       0
       0
       3
       1
       1
       5
       3
       2
       5
       4
       5
       3
       2
       3
       2
       2
       1
       0
       2
       5
       2
       6
       4
       6
       2
       4
       5
       3
       3
       1
       6
       8
       2
       3
       6
       3
       6
       3
       5
       4
       2
       3
       3
       2
       4
       6
       2
       2
       1
       3
       3
       7
       3
       2
       2
       3
       6
       3
       2
       3
       4
       5
       2
       0
       3
       3
       4
       2
       2
       2
       5
       3
       2
       4
       5
       4
       3
       1
       2
       6
       3
       2
       3
       7
       5
       4
       2
       5
       0
       0
       1
       2
       3
       2
       2
       2
       2
       4
       2
       2
       3
       4
       0
       3
       3
       1
       5
       4
       6
       2
       3
       2
       1
      10
       8
       2
       5
       4
       5
       4
       5
       3
       3
       3
       2
       2
       6
       5
       3
       4
       0
       2
       3
       2
       2
       3
       2
       0
       6
       0
       7
       1
       0
       3
       6
       0
       2
       1
       3
       4
       4
       2
       0
       2
       7
       4
       3
       6
       4
       6
       2
       1
       5
       3
       4
       4
       1
       6
       2
       2
       3
       7
       3
       3
       3
       3
       2
       2
       1
       7
       3
       1
       2
       4
       6
       3
       3
       5
       2
       4
       2
       4
       0
       3
       1
       5
       2
       4
       6
       2
       1
       4
       1
       3
       4
       4
       3
       3
       3
       0
       1
       3
       6
       8
       7
       3
       1
       5
       3
       3
       0
       0
       3
       1
       4
       2
       2
       5
       2
       3
       1
       1
       1
       3
       0
       3
       2
       3
       3
       6
       3
       3
       8
       1
       4
       3
       1
       2
       6
       0
       2
       4
       4
       4
       4
       3
       2
       1
       2
       2
       2
       5
       2
       4
       3
       4
       4
       2
       4
       2
       0
       1
       4
       1
       2
       2
       2
       2
       5
       2
       4
       4
       1
       1
       3
       3
       6
       1
       3
       6
       3
       4
       1
       1
       2
       1
       2
       6
       7
       4
       4
       1
       1
       3
       5
       0
       8
       2
       5
       6
       4
       3
       4
       4
       4
       1
       6
       1
       2
       1
       4
       6
       1
       3
       4
       5
       8
       5
       3
       2
       6
       4
       2
       4
       2
       6
       2
       3
       4
       3
       5
       7
       1
       6
       3
       1
       1
       3
       2
       1
       2
       2
       6
       3
       7
       2
       1
       2
       2
       2
       4
       3
       2
       3
       1
       2
       3
       2
       5
       5
       6
       7
       2
       1
       4
       1
       3
       5
       1
       2
       3
       4
       4
       2
       5
       1
       1
       3
       4
       9
       2
      10
       7
       3
       5
       6
       5
       3
       5
       2
       7
       5
       3
       4
       4
       3
       3
       3
       3
       1
       3
       2
       4
       3
       3
       3
       6
       3
       0
       1
       5
       2
       3
       3
       1
       3
       1
       2
       3
       3
       4
       3
       2
       2
       3
       0
       4
       3
       4
       5
       3
       1
       3
       6
       3
       3
       3
       3
       3
       4
       1
       6
       1
       1
       7
       1
       1
       0
       3
       3
       3
       1
       1
       3
       1
       2
       3
       4
       1
       2
       1
       0
       1
       4
       1
       4
       1
       4
       2
       2
       1
       1
       6
       2
       2
       3
       2
       4
       1
       3
       1
       3
       3
       3
       4
       3
       4
       5
       7
       2
       2
       2
       4
       1
       2
       2
       2
       3
       2
       3
       3
       4
       1
       4
       0
       1
       3
       1
       2
       1
       2
       2
       2
       1
       3
       7
       2
       5
       5
       2
       1
       1
       1
       2
       0
       2
       3
       4
       0
       3
       3
       1
       5
       3
       2
       2
       3
       2
       4
       1
       1
       4
       3
       6
       3
       3
       2
       3
       1
       2
       3
       3
       1
       2
       1
       2
       2
       2
       2
       2
       2
       1
       2
       0
       4
       4
       3
       2
       8
       0
       1
       4
       6
       5
       3
       2
       7
       3
       5
       0
       1
       2
       5
       2
       2
       4
       7
       4
       1
       1
       2
       2
       3
       3
       3
       2
       5
       1
       2
       2
       2
       3
       3
       3
       3
       2
       4
       3
       4
       5
       3
       4
       2
       2
       5
       3
       2
       0
       3
       1
       2
       4
       3
       3
       4
       4
       2
       5
       5
       3
       1
       4
       0
       0
       1
       1
       1
       4
       4
       3
       2
       4
       2
       6
       1
       1
       1
       1
       3
       1
       2
       3
       3
       3
       1
       6
       7
       0
       3
       3
       2
       2
       3
       1
       5
       1
       4
       2
       2
       4
       3
       6
       4
       1
       3
       2
       5
       5
       2
       2
       1
       4
       4
       3
       5
       0
       1
       2
       3
       5
       6
       2
       4
       4
       3
       2
       2
       2
       3
       4
       2
       5
       3
       3
       4
       3
       2
       2
       5
       3
       3
       2
       5
       2
       2
       0
       2
       2
       3
       2
       1
       2
       2
       4
       4
       2
       2
       0
       3
       3
       3
       0
       1
       2
       5
       4
       5
       3
       3
       1
       3
       2
       2
       0
       2
       2
       6
       1
       1
       4
       3
       1
       3
       5
       2
       2
       4
       4
       1
       4
       1
       3
       1
       1
       2
       6
       3
       4
       4
       3
       7
       1
       2
       0
       3
       2
       2
       4
       2
       3
       3
       4
       6
       1
       2
       2
       1
       4
       3
       2
       3
       3
       2
       1
       2
       6
       3
       2
       3
       2
       2
       2
       3
       3
       3
       3
       4
       5
       1
       2
       5
       2
       6
       3
       5
       0
       3
       3
       2
       3
       2
       2
       2
       5
       0
       4
       6
       0
       3
       2
       2
       1
       2
       2
       1
       3
       4
       3
       3
       3
       3
       1
       4
       4
       1
       4
       3
       3
       3
       4
       3
       3
       2
       5
       1
       2
       3
       6
       3
       0
       5
       3
       2
       1
       2
       1
       2
       4
       5
       4
       2
       2
       4
       2
       2
       0
       2
       0
       1
       3
       4
       0
       2
       0
       1
       1
       1
       4
       0
       3
       2
       2
       2
       4
       1
       2
       2
       2
       0
       4
       7
       3
       2
       0
       3
       2
       6
       2
       5
       3
       0
       3
       3
       2
       2
       2
       3
       3
       6
       5
       0
       6
       2
       1
       5
       4
       7
       4
       3
       4
       2
       5
       5
       4
       3
       2
       1
       3
       0
       2
       1
       2
       3
       2
       1
       3
       2
       8
       0
       2
       2
       4
       4
       2
       2
       2
       3
       1
       3
       3
       1
       4
       2
       0
       1
       4
       4
       0
       4
       1
       3
       3
       2
       2
       3
       2
       1
       3
       3
       1
       2
       2
       1
       3
       5
       2
       2
       1
       1
       4
       3
       1
       5
       1
       3
       3
       6
       0
       4
       5
       4
       1
       2
       3
       1
       3
       1
       1
       0
       6
       1
       1
       4
       1
       3
       8
       3
       3
       3
       3
       3
       1
       2
       2
       0
       0
       5
       2
       5
       1
       0
       3
       1
       3
       3
       4
       3
       1
       1
       3
       0
       4
       1
       1
       1
       2
       0
       3
       3
       2
       2
       3
       6
       0
       4
       1
       7
       2
       1
       1
       1
       0
       1
       0
       5
       3
       3
       0
       2
       0
       2
       4
       2
       2
       2
       2
       3
       1
       2
       5
       1
       2
       3
       5
       1
       2
       1
       1
       3
       2
       3
       3
       2
       1
       2
       2
       3
       1
       2
       0
       4
       0
       1
       7
       5
       3
       0
       0
       0
       2
       1
       0
       3
       1
       3
       0
       2
       1
       2
       0
       0
       5
       2
       2
       3
       0
       4
       1
       2
       2
       1
       1
       5
       2
       5
       2
       2
       1
       1
       2
       2
       1
       1
       4
       4
       3
       1
       1
       3
       3
       2
       2
       6
       2
       3
       4
       2
       2
       1
       4
       0
       2
       2
       2
       4
       0
       2
       3
       1
       5
       0
       1
       4
       6
       2
       4
       4
       3
       1
       3
       3
       5
       3
       4
       2
       3
       1
       4
       4
       1
       1
       3
       4
       4
       1
       3
       6
       3
       0
       2
       1
       4
       1
       0
       2
       6
       1
       5
       7
       3
       4
       1
       3
       1
       2
       0
       2
       4
       2
       3
       3
       2
       1
       3
       1
       4
       2
       0
       3
       3
       1
       1
       4
       2
       4
       2
       5
       3
       2
       1
       1
       2
       3
       5
       1
       3
       1
       0
       4
       2
       1
       4
       3
       2
       1
       1
       3
       3
       2
       7
       5
       4
       3
       3
       1
       1
       2
       1
       0
       3
       5
       4
       3
       1
       5
       4
       1
       2
       2
       0
       2
       2
       0
       1
       1
       0
       2
       1
       1
       2
       2
       3
       3
       2
       1
       2
       2
       1
       0
       2
       2
       1
       2
       4
       3
       1
       7
       2
       2
       1
       1
       0
       1
       1
       1
       3
       2
       8
       0
       1
       1
       3
       2
       0
       4
       2
       2
       2
       2
       1
       1
       4
       4
       0
       1
       1
       7
       2
       0
       5
       2
       4
       1
       1
       0
       3
       2
       5
       2
       0
       1
       5
       1
       3
       2
       2
       1
       2
       4
       2
       1
       4
       2
       5
       2
       4
       3
       3
       1
       0
       3
       1
       3
       2
       0
       3
       3
       2
       1
       3
       2
       1
       1
       4
       2
       3
       1
       2
       3
       2
       2
       3
       0
       5
       4
       6
       2
       2
       2
       5
       0
       3
       2
       3
       3
       1
       3
       5
       1
       2
       1
       0
       2
       3
       4
       2
       2
       1
       1
       4
       2
       2
       2
       1
       1
       1
       3
       0
       3
       0
       2
       2
       1
       2
       3
       3
       2
       0
       1
       1
       3
       1
       0
       0
       0
       6
       3
       7
       1
       4
       2
       6
       3
       5
       3
       2
       3
       1
       1
       3
       0
       1
       4
       2
       3
       2
       1
       0
       1
       5
       1
       3
       1
       2
       5
       2
       2
       1
       1
       0
       3
       7
       3
       3
       1
       1
       1
       1
       3
       1
       3
       4
       3
       1
       3
       4
       3
       4
       0
       8
       5
      12
      14
      26
      18
      22
      25
      13
      12
       7
       5
       2
       3
       2
       3
       2
       0
       4
       3
       1
       3
       2
       1
       1
       5
       0
       5
       5
       1
       3
       4
       2
       0
       7
       3
       1
       1
       2
       1
       6
       0
       2
       0
       4
       3
       1
       4
       0
       2
       3
       5
       1
       0
       0
       0
       2
       4
       2
       4
       1
       3
       4
       1
       4
       2
       4
       3
       1
       1
       1
       4
       3
       3
       3
       2
       1
       2
       2
       3
       5
       1
       1
       1
       1
       3
       3
       1
       2
       2
       2
       4
       1
       2
       2
       2
       3
       2
       4
       0
       3
       1
       1
       2
       1
       1
       5
       3
       1
       2
       3
       4
       3
       2
       3
       2
       0
       2
       0
       1
       0
       2
       3
       0
       2
       2
       3
       0
       2
       2
       3
       3
       3
       0
       2
       2
       4
       1
       2
       1
       2
       2
       2
       4
       0
       1
       2
       2
       3
       2
       2
       6
       3
       2
       3
       2
       2
       1
       4
       1
       2
       1
       0
       1
       0
       0
       0
       3
       1
       3
       1
       1
       2
       3
       3
       3
       2
       2
       2
       3
       1
       3
       0
       2
       2
       0
       3
       2
       5
       0
       3
       4
       2
       2
       2
       0
       1
       0
       2
       3
       0
       2
       4
       1
       1
       1
       1
       2
       4
       1
       2
       3
       3
       3
       2
       4
       3
       3
       4
       0
       3
       5
       2
       2
       3
       1
       3
       1
       3
       2
       2
       3
       0
       2
       6
       2
       1
       1
       4
       1
       1
       3
       2
       2
       4
       2
       3
       0
       1
       3
       2
       3
       3
       5
       2
       3
       3
       5
       2
       2
       3
       2
       2
       1
       5
       3
       2
       3
       1
       3
       5
       2
       4
       1
       1
       2
       1
       2
       3
       4
       0
       4
       4
       2
       3
       5
       2
       2
       2
       0
       4
       5
       2
       0
       1
       2
       2
       1
       1
       3
       0
       1
       3
       2
       1
       3
       1
       4
       4
       1
       0
       4
       1
       1
       1
       4
       0
       3
       6
       1
       0
       2
       1
       1
       0
       0
       0
       4
       2
       3
       6
       3
       2
       2
       0
       1
       1
       4
       1
       3
       1
       2
       4
       0
       3
       2
       0
       1
       3
       2
       2
       1
       2
       4
       1
       0
       2
       0
       5
       2
       1
       2
       1
       1
       1
       1
       0
       0
       2
       2
       0
       3
       2
       2
       5
       1
       4
       4
       5
       1
       2
       4
       0
       3
       5
       1
       1
       1
       3
       0
       1
       2
       4
       2
       3
       1
       2
       6
       3
       2
       4
       1
       1
       0
       5
       2
       2
       1
       2
       3
       1
       2
       0
       2
       1
       0
       4
       3
       1
       1
       1
       1
       2
       3
       4
       1
       3
       0
       2
       2
       3
       2
       2
       1
       2
       0
       1
       2
       6
       4
       3
       1
       1
       3
       4
       3
       3
       2
       1
       2
       2
       2
       1
       3
       4
       3
       3
       0
       3
       1
       3
       1
       3
       2
       1
       2
       2
       1
       2
       0
       3
       1
       1
       3
       2
       4
       1
       1
       2
       0
       6
       3
       1
       4
       4
       1
       2
       2
       4
       4
       0
       3
       1
       2
       1
       1
       1
       4
       1
       2
       3
       2
       0
       1
       1
       3
       2
       2
       2
       6
       1
       0
       1
       3
       3
       5
       3
       0
       3
       1
       4
       1
       2
       2
       2
       0
       0
       2
       0
       1
       1
       2
       1
       4
       3
       2
       1
       3
       4
       1
       1
       1
       3
       1
       3
       2
       3
       3
       0
       1
       3
       3
       1
       1
       1
       0
       2
       0
       3
       0
       1
       0
       1
       1
       3
       2
       0
       2
       1
       3
       2
       2
       4
       0
       0
       3
       5
       2
       4
       1
       0
       5
       1
       1
       1
       2
       2
       3
       1
       1
       1
       2
       2
       6
       2
       1
       1
       2
       1
       2
       3
       3
       4
       1
       1
       4
       1
       2
       1
       2
       1
       0
       0
       4
       3
       0
       2
       2
       0
       0
       3
       2
       2
       1
       1
       3
       1
       1
       3
       2
       2
       3
       2
       3
       0
       2
       0
       3
       2
       2
       1
       4
       0
       3
       0
       2
       2
       3
       3
       0
       1
       1
       3
       3
       1
       1
       3
       1
       0
       4
       1
       3
       0
       3
       1
       0
       1
       2
       3
       2
       3
       1
       3
       1
       2
       1
       2
       0
       1
       2
       6
       3
       1
       2
       1
       4
       3
       6
       2
       3
       3
       4
       2
       3
       6
       0
       3
       0
       5
       0
       2
       3
       1
       2
       2
       5
       2
       0
       0
       2
       0
       2
       4
       3
       1
       2
       3
       3
       1
       3
       1
       3
       3
       2
       3
       0
       4
       1
       3
       1
       2
       2
       3
       1
       1
       1
       1
       4
       2
       1
       0
       3
       2
       2
       0
       3
       3
       1
       1
       1
       0
       0
       2
       3
       1
       3
       2
       0
       2
       1
       2
       3
       1
       0
       3
       2
       3
       2
       2
       2
       4
       1
       2
       3
       4
       0
       0
       3
       1
       4
       2
       1
       2
       1
       0
       1
       1
       3
       1
       2
       4
       1
       0
       2
       1
       1
       3
       2
       3
       3
       1
       0
       3
       1
       2
       3
       1
       0
       1
       2
       1
       3
       3
       0
       1
       3
       2
       3
       0
       1
       0
       0
       0
       1
       5
       0
       2
       1
       1
       1
       0
       1
       1
       2
       1
       1
       0
       0
       2
       3
       2
       2
       2
       2
       3
       0
       3
       0
       0
       0
       0
       0
       0
       0
       0
       0
       0
       0
       0
       0
       0
       0
       0
       0
       0
       0
       0
       0
       0
       0
       0
       0
       0
       0
       0
       0
       0
       0
       0
       0
       0
       0
       0
       0
       0
       0
       0
       0
       0
       0
       0
       0
       0
       0
       0
       0
       0
       0
       0
       0
       0
       0
       0
       0
       0
       0
       0
       0
       0
       0
       0
       0
       0
       0
       0
       0
       0
       0
       0
       0
       0
       0
       0
       0
       0
       0
       0
       0
       0
       0
       0
       0
       0
       0
       0
       0
       0
       0
       0
       0
       0
       0
       0
       0
       0
       0
       0
       0
       0
       0
       0
       0
       0
       0
       0
       0
       0
       0
       0
       0
       0
       0
       0
       0
       0
       0
       0
       0
       0
       0
       0
       0
       0
       0
       0
       0
       0
       0
       0
       0
       0
       0
       0
       0
       0
       0
       0
       0
       0
       0
       0
       0
       0
       0
       0
       0
       0
       0
       0
       0
       0
       0
       0
       0
       0
       0
       0
       0
       0
       0
       0
       0
       0
       0
       0
       0
       0
       0
       0
       0
       0
       0
       0
       0
       0
       0
       0
       0
       0
       0
       0
       0
       0
       0
       0
       0
       0
       0
       0
       0
       0
       0
       0
       0
       0
       0
       0
       0
       0
       0
       0
$ROI:
48
154 171
180 235
330 336
747 828
893 898
900 914
1018 1030
1103 1104
1117 1132
1138 1141
1145 1145
1151 1158
1160 1169
1191 1206
1213 1221
1303 1353
1370 1417
1506 1532
1538 1578
1677 1700
1771 1863
1900 1929
2112 2141
2192 2244
2258 2275
2298 2327
2401 2415
2486 2498
2837 2866
3040 3056
3185 3234
3459 3511
3621 3664
3673 3687
3700 3706
3720 3770
3978 4001
4041 4064
4334 4404
4713 4739
4930 4975
5321 5337
5344 5362
5751 5790
6103 6152
6813 6869
7114 7167
7500 7544
$PRESETS:
Real Time
86400
0
$MCA_CAL:
3
0.3421756 0.3657934 -2.38686e-09
$SHAPE_CAL:
3
1.951728 3.121839e-05 2.058065e-07
$ENER_FIT
0.342176 0.365793
$MCA_CAL_UNIT:
keV
